-2535;-15986;1791;5388;50069.0;
-2535;-15986;1791;4;0.0;
-2253;-15986;2149;156;1414.0;
-2253;-15986;2149;4;0.0;
-1971;-15986;2508;156;1414.0;
-1971;-15986;2149;112;1000.0;
-1971;-15986;2149;4;0.0;
2253;-15986;1791;1621;15033.0;
2253;-15986;1791;4;0.0;
2253;-15986;1791;4;0.0;
2535;-15986;1791;112;1000.0;
2535;-15986;1791;4;0.0;
2535;-15986;1791;4;0.0;
2535;-15986;1791;4;0.0;
2816;-15986;1791;112;1000.0;
2816;-15986;1433;112;1000.0;
3098;-15986;1433;112;1000.0;
3098;-15986;1433;4;0.0;
3098;-15986;1433;4;0.0;
3098;-15986;1433;4;0.0;
3380;-15986;1433;112;1000.0;
3661;-15986;1074;156;1414.0;
6196;-14028;0;1211;11224.0;
6196;-14028;0;4;0.0;
5915;-14028;716;245;2236.0;
5633;-14028;1074;156;1414.0;
5070;-14028;1433;245;2236.0;
4506;-14028;2508;392;3605.0;
3943;-14028;2866;245;2236.0;
3380;-14028;3582;308;2828.0;
2816;-14028;3582;219;2000.0;
2535;-14028;3582;112;1000.0;
1408;-14028;4299;485;4472.0;
845;-14028;4299;219;2000.0;
563;-14028;4299;112;1000.0;
0;-14028;4299;219;2000.0;
0;-14028;4657;112;1000.0;
-563;-14028;4299;245;2236.0;
-845;-14028;4299;112;1000.0;
-1690;-14028;4299;327;3000.0;
-1971;-14028;3941;156;1414.0;
-2253;-14028;3941;112;1000.0;
-2816;-14028;3582;245;2236.0;
-3098;-14028;3582;112;1000.0;
-3380;-14028;3224;156;1414.0;
-3943;-14028;3224;219;2000.0;
-4225;-14028;2866;156;1414.0;
-4506;-14028;2508;156;1414.0;
-4788;-14028;2149;156;1414.0;
-5070;-14028;2149;112;1000.0;
-5351;-14028;1433;245;2236.0;
-5915;-14028;358;392;3605.0;
-6196;-14028;0;156;1414.0;
-6196;-14028;0;4;0.0;
-6196;-14028;0;4;0.0;
-7323;-12071;0;780;7211.0;
-7041;-12071;0;112;1000.0;
-6760;-12071;1074;344;3162.0;
-6760;-12071;716;112;1000.0;
-6196;-12071;1791;392;3605.0;
-5915;-12071;1791;112;1000.0;
-5070;-12071;3224;542;5000.0;
-4788;-12071;3582;156;1414.0;
-4506;-12071;3941;156;1414.0;
-4225;-12071;4299;156;1414.0;
-3661;-12071;4657;245;2236.0;
-3380;-12071;4657;112;1000.0;
-3098;-12071;5016;156;1414.0;
-2816;-12071;5016;112;1000.0;
-2253;-12071;5016;219;2000.0;
-1971;-12071;5374;156;1414.0;
-1408;-12071;5374;219;2000.0;
-1126;-12071;5374;112;1000.0;
-845;-12071;5374;112;1000.0;
-281;-12071;5374;219;2000.0;
0;-12071;5732;156;1414.0;
281;-12071;5732;112;1000.0;
563;-12071;5732;112;1000.0;
1971;-12071;5374;552;5099.0;
2535;-12071;5016;245;2236.0;
2816;-12071;5016;112;1000.0;
3380;-12071;4657;245;2236.0;
3943;-12071;4299;245;2236.0;
4225;-12071;4299;112;1000.0;
4506;-12071;3941;156;1414.0;
5070;-12071;3224;308;2828.0;
5351;-12071;2866;156;1414.0;
5633;-12071;2508;156;1414.0;
6196;-12071;1791;308;2828.0;
6478;-12071;1433;156;1414.0;
6760;-12071;1074;156;1414.0;
7323;-12071;0;392;3605.0;
7323;-12071;0;4;0.0;
7323;-12071;0;4;0.0;
7605;-10113;0;658;6082.0;
7605;-10113;0;4;0.0;
7605;-10113;0;4;0.0;
7605;-10113;358;112;1000.0;
7041;-10113;1074;308;2828.0;
6760;-10113;1433;156;1414.0;
6196;-10113;2508;392;3605.0;
5915;-10113;2866;156;1414.0;
5351;-10113;3582;308;2828.0;
4788;-10113;3941;245;2236.0;
4506;-10113;4299;156;1414.0;
3380;-10113;5016;485;4472.0;
2816;-10113;5374;245;2236.0;
1690;-10113;5732;448;4123.0;
1408;-10113;5732;112;1000.0;
845;-10113;5732;219;2000.0;
563;-10113;6091;156;1414.0;
281;-10113;6091;112;1000.0;
0;-10113;5732;156;1414.0;
-281;-10113;5732;112;1000.0;
-845;-10113;5732;219;2000.0;
-4506;-10113;4299;1467;13601.0;
-4788;-10113;3941;156;1414.0;
-5351;-10113;3582;245;2236.0;
-5633;-10113;3582;112;1000.0;
-5915;-10113;3224;156;1414.0;
-6196;-10113;2866;156;1414.0;
-7041;-10113;1433;542;5000.0;
-7323;-10113;716;245;2236.0;
-7605;-10113;358;156;1414.0;
-7886;-10113;0;156;1414.0;
-7886;-8156;0;649;6000.0;
-7886;-8156;0;4;0.0;
-7605;-8156;716;245;2236.0;
-6760;-8156;2508;631;5830.0;
-6478;-8156;2866;156;1414.0;
-6196;-8156;3224;156;1414.0;
-5070;-8156;4657;612;5656.0;
-4506;-8156;5016;245;2236.0;
-4225;-8156;5016;112;1000.0;
-3943;-8156;5374;156;1414.0;
-3661;-8156;5732;156;1414.0;
-3380;-8156;5732;112;1000.0;
-2816;-8156;6091;245;2236.0;
-2535;-8156;6091;112;1000.0;
-2253;-8156;6091;112;1000.0;
-1690;-8156;6091;219;2000.0;
-1408;-8156;6449;156;1414.0;
-845;-8156;6449;219;2000.0;
-563;-8156;6449;112;1000.0;
845;-8156;6449;542;5000.0;
1408;-8156;6449;219;2000.0;
1971;-8156;6449;219;2000.0;
2253;-8156;6091;156;1414.0;
2816;-8156;6091;219;2000.0;
3661;-8156;5732;344;3162.0;
3661;-8156;5374;112;1000.0;
4225;-8156;5016;245;2236.0;
5351;-8156;4299;485;4472.0;
5351;-8156;3941;112;1000.0;
6196;-8156;3224;392;3605.0;
6478;-8156;2866;156;1414.0;
6760;-8156;2508;156;1414.0;
7041;-8156;1791;245;2236.0;
7041;-8156;1433;112;1000.0;
7323;-8156;1074;156;1414.0;
7886;-8156;0;392;3605.0;
7886;-8156;0;4;0.0;
7886;-8156;0;4;0.0;
7886;-6198;0;649;6000.0;
7886;-6198;0;4;0.0;
7886;-6198;0;4;0.0;
7323;-6198;1074;392;3605.0;
7323;-6198;1433;112;1000.0;
6760;-6198;2508;392;3605.0;
6760;-6198;2866;112;1000.0;
6196;-6198;3941;392;3605.0;
5915;-6198;4299;156;1414.0;
5070;-6198;5016;392;3605.0;
4506;-6198;5374;245;2236.0;
4225;-6198;5732;156;1414.0;
2816;-6198;6091;552;5099.0;
2253;-6198;6449;245;2236.0;
1971;-6198;6449;112;1000.0;
0;-6198;6449;757;7000.0;
0;-6198;6449;4;0.0;
-563;-6198;6449;219;2000.0;
-845;-6198;6449;112;1000.0;
-1408;-6198;6449;219;2000.0;
-1690;-6198;6449;112;1000.0;
-2253;-6198;6449;219;2000.0;
-2535;-6198;6449;112;1000.0;
-2816;-6198;6091;156;1414.0;
-3380;-6198;6091;219;2000.0;
-3661;-6198;5732;156;1414.0;
-3943;-6198;5732;112;1000.0;
-4506;-6198;5374;245;2236.0;
-4788;-6198;5374;112;1000.0;
-5070;-6198;5016;156;1414.0;
-5633;-6198;5016;219;2000.0;
-5915;-6198;4657;156;1414.0;
-6196;-6198;4299;156;1414.0;
-6478;-6198;3941;156;1414.0;
-7041;-6198;2508;485;4472.0;
-7323;-6198;1791;245;2236.0;
-7605;-6198;716;344;3162.0;
-7886;-6198;358;156;1414.0;
-8168;-6198;0;156;1414.0;
-8168;-4241;0;649;6000.0;
-8168;-4241;0;4;0.0;
-8168;-4241;0;4;0.0;
-7886;-4241;358;156;1414.0;
-7323;-4241;2508;684;6324.0;
-7323;-4241;1791;219;2000.0;
-6196;-4241;4299;871;8062.0;
-6196;-4241;3941;112;1000.0;
-5633;-4241;4299;245;2236.0;
-5351;-4241;4657;156;1414.0;
-5070;-4241;5016;156;1414.0;
-4506;-4241;5016;219;2000.0;
-4225;-4241;5016;112;1000.0;
-3943;-4241;5016;112;1000.0;
-3380;-4241;5016;219;2000.0;
-3098;-4241;5016;112;1000.0;
563;-4241;5732;1418;13152.0;
1126;-4241;5374;245;2236.0;
1690;-4241;5016;245;2236.0;
3380;-4241;5016;649;6000.0;
3943;-4241;5016;219;2000.0;
4225;-4241;5016;112;1000.0;
4788;-4241;5016;219;2000.0;
5633;-4241;4299;392;3605.0;
5915;-4241;3941;156;1414.0;
6478;-4241;3582;245;2236.0;
6760;-4241;3224;156;1414.0;
7041;-4241;2508;245;2236.0;
7041;-4241;2149;112;1000.0;
7605;-4241;1433;308;2828.0;
7605;-4241;716;219;2000.0;
7886;-4241;0;245;2236.0;
7886;-4241;0;4;0.0;
7886;-4241;0;4;0.0;
8168;-2283;0;658;6082.0;
8168;-2283;0;4;0.0;
7886;-2283;716;245;2236.0;
7605;-2283;1074;156;1414.0;
7323;-2283;1433;156;1414.0;
7041;-2283;1791;156;1414.0;
6760;-2283;2149;156;1414.0;
6478;-2283;2508;156;1414.0;
5915;-2283;3582;392;3605.0;
5633;-2283;3941;156;1414.0;
4788;-2283;4657;392;3605.0;
4225;-2283;5016;245;2236.0;
3943;-2283;5016;112;1000.0;
3098;-2283;4657;344;3162.0;
2816;-2283;4299;156;1414.0;
2253;-2283;4299;219;2000.0;
1971;-2283;4299;112;1000.0;
1126;-2283;5016;392;3605.0;
845;-2283;5374;156;1414.0;
281;-2283;6091;308;2828.0;
0;-2283;6091;112;1000.0;
-281;-2283;6091;112;1000.0;
-563;-2283;5732;156;1414.0;
-1126;-2283;5016;308;2828.0;
-1408;-2283;4657;156;1414.0;
-1408;-2283;4657;4;0.0;
-1971;-2283;4299;245;2236.0;
-2253;-2283;4299;112;1000.0;
-3661;-2283;4657;552;5099.0;
-4225;-2283;4657;219;2000.0;
-4506;-2283;4657;112;1000.0;
-4506;-2283;5016;112;1000.0;
-5070;-2283;4657;245;2236.0;
-5351;-2283;4657;112;1000.0;
-5633;-2283;4299;156;1414.0;
-5915;-2283;3941;156;1414.0;
-6760;-2283;2508;542;5000.0;
-7041;-2283;2149;156;1414.0;
-7323;-2283;1433;245;2236.0;
-7605;-2283;1074;156;1414.0;
-7886;-2283;716;156;1414.0;
-8168;-2283;0;245;2236.0;
-8450;-2283;0;112;1000.0;
-8450;-2283;0;4;0.0;
-8450;-326;0;649;6000.0;
-8450;-326;0;4;0.0;
-8168;-326;1433;448;4123.0;
-7886;-326;1791;156;1414.0;
-7605;-326;2149;156;1414.0;
-6478;-326;3224;542;5000.0;
-6196;-326;3582;156;1414.0;
-5915;-326;3941;156;1414.0;
-5633;-326;3941;112;1000.0;
-5070;-326;4299;245;2236.0;
-4788;-326;4299;112;1000.0;
-4225;-326;4299;219;2000.0;
-3943;-326;4299;112;1000.0;
-3661;-326;4657;156;1414.0;
-3098;-326;4657;219;2000.0;
-1690;-326;5374;583;5385.0;
-1408;-326;5732;156;1414.0;
-1126;-326;6091;156;1414.0;
-563;-326;7165;392;3605.0;
-281;-326;7524;156;1414.0;
0;-326;7524;112;1000.0;
845;-326;6807;392;3605.0;
1126;-326;6449;156;1414.0;
1690;-326;5374;392;3605.0;
1971;-326;5016;156;1414.0;
2816;-326;4657;344;3162.0;
3098;-326;4299;156;1414.0;
3661;-326;4299;219;2000.0;
4225;-326;4299;219;2000.0;
5070;-326;3941;344;3162.0;
5633;-326;3582;245;2236.0;
6196;-326;3582;219;2000.0;
7041;-326;2508;460;4242.0;
7323;-326;2149;156;1414.0;
7886;-326;1433;308;2828.0;
8168;-326;716;245;2236.0;
8450;-326;0;245;2236.0;
8450;-326;0;4;0.0;
8450;-326;0;4;0.0;
8450;1631;0;649;6000.0;
8450;1631;0;4;0.0;
8450;1631;0;4;0.0;
8168;1631;1074;344;3162.0;
7886;1631;1433;156;1414.0;
7323;1631;2508;392;3605.0;
7041;1631;2866;156;1414.0;
6760;1631;3224;156;1414.0;
6196;1631;3582;245;2236.0;
5915;1631;3941;156;1414.0;
5351;1631;4299;245;2236.0;
5070;1631;4299;112;1000.0;
3943;1631;4657;448;4123.0;
3661;1631;4657;112;1000.0;
3098;1631;4657;219;2000.0;
2253;1631;5732;460;4242.0;
2253;1631;5732;4;0.0;
1971;1631;6091;156;1414.0;
1971;1631;6449;112;1000.0;
1690;1631;7165;245;2236.0;
1690;1631;7524;112;1000.0;
1408;1631;7882;156;1414.0;
1408;1631;8599;219;2000.0;
1126;1631;8957;156;1414.0;
563;1631;8957;219;2000.0;
281;1631;9315;156;1414.0;
-281;1631;8957;245;2236.0;
-563;1631;8599;156;1414.0;
-845;1631;8240;156;1414.0;
-1126;1631;7882;156;1414.0;
-1408;1631;6449;448;4123.0;
-1690;1631;5732;245;2236.0;
-3943;1631;4657;923;8544.0;
-4225;1631;4299;156;1414.0;
-4788;1631;4299;219;2000.0;
-7323;1631;2508;1111;10295.0;
-7605;1631;2149;156;1414.0;
-7886;1631;1791;156;1414.0;
-8168;1631;358;448;4123.0;
-8450;1631;0;156;1414.0;
-8450;1631;0;4;0.0;
-7886;3588;358;693;6403.0;
-7886;3588;0;112;1000.0;
-7605;3588;716;245;2236.0;
-7041;3588;1791;392;3605.0;
-6760;3588;2508;245;2236.0;
-5633;3588;3582;542;5000.0;
-3380;3588;4299;891;8246.0;
-2535;3588;4299;327;3000.0;
-2253;3588;4657;156;1414.0;
-2253;3588;4657;4;0.0;
-2253;3588;4657;4;0.0;
-2253;3588;4657;4;0.0;
-1971;3588;6449;552;5099.0;
-1971;3588;6449;4;0.0;
-1971;3588;6449;4;0.0;
-1971;3588;6449;4;0.0;
-1971;3588;6449;4;0.0;
-1971;3588;5732;219;2000.0;
-1971;3588;5732;4;0.0;
-1971;3588;5016;219;2000.0;
-1971;3588;5016;4;0.0;
-1690;3588;7165;658;6082.0;
-1408;3588;7165;112;1000.0;
-1408;3588;7165;4;0.0;
-1408;3588;7165;4;0.0;
-1408;3588;7165;4;0.0;
-1126;3588;7882;245;2236.0;
-1126;3588;7882;4;0.0;
-1126;3588;7882;4;0.0;
-845;3588;8240;156;1414.0;
-563;3588;8599;156;1414.0;
-281;3588;8957;156;1414.0;
-281;3588;8957;4;0.0;
0;3588;9315;156;1414.0;
0;3588;9315;4;0.0;
281;3588;9315;112;1000.0;
845;3588;8957;245;2236.0;
845;3588;8599;112;1000.0;
845;3588;8599;4;0.0;
845;3588;7165;434;4000.0;
845;3588;7165;4;0.0;
845;3588;7165;4;0.0;
845;3588;7165;4;0.0;
845;3588;6807;112;1000.0;
845;3588;6807;4;0.0;
845;3588;6807;4;0.0;
1126;3588;7882;344;3162.0;
1126;3588;7524;112;1000.0;
1126;3588;7524;4;0.0;
1126;3588;7524;4;0.0;
1126;3588;7524;4;0.0;
1126;3588;7524;4;0.0;
1126;3588;7524;4;0.0;
1126;3588;7524;4;0.0;
1126;3588;7524;4;0.0;
1126;3588;7524;4;0.0;
1690;3588;7165;245;2236.0;
1690;3588;7165;4;0.0;
2253;3588;7165;219;2000.0;
2253;3588;7165;4;0.0;
2535;3588;6449;245;2236.0;
2535;3588;6449;4;0.0;
2535;3588;5732;219;2000.0;
2535;3588;5732;4;0.0;
2816;3588;4657;344;3162.0;
2816;3588;4657;4;0.0;
2816;3588;4657;4;0.0;
3098;3588;4657;112;1000.0;
3380;3588;4657;112;1000.0;
3661;3588;4657;112;1000.0;
4225;3588;4657;219;2000.0;
5633;3588;3941;583;5385.0;
5915;3588;3582;156;1414.0;
6760;3588;2866;392;3605.0;
6760;3588;2508;112;1000.0;
7041;3588;1791;245;2236.0;
7605;3588;1074;308;2828.0;
7605;3588;716;112;1000.0;
7886;3588;0;245;2236.0;
8168;3588;0;112;1000.0;
7605;5546;0;684;6324.0;
7323;5546;716;245;2236.0;
7323;5546;1074;112;1000.0;
6760;5546;1791;308;2828.0;
6478;5546;2149;156;1414.0;
6196;5546;2866;245;2236.0;
5633;5546;3224;245;2236.0;
5351;5546;3582;156;1414.0;
4788;5546;3941;245;2236.0;
4225;5546;4299;245;2236.0;
3943;5546;4657;156;1414.0;
3380;5546;4657;219;2000.0;
2535;5546;5374;392;3605.0;
2253;5546;5732;156;1414.0;
1126;5546;6807;542;5000.0;
563;5546;6807;219;2000.0;
281;5546;6807;112;1000.0;
0;5546;6807;112;1000.0;
-281;5546;6807;112;1000.0;
-563;5546;6449;156;1414.0;
-1126;5546;6091;245;2236.0;
-1408;5546;5732;156;1414.0;
-1690;5546;5732;112;1000.0;
-1971;5546;5374;156;1414.0;
-2535;5546;5016;245;2236.0;
-2816;5546;5016;112;1000.0;
-4225;5546;3941;631;5830.0;
-4506;5546;3582;156;1414.0;
-4788;5546;3582;112;1000.0;
-5633;5546;2866;392;3605.0;
-5915;5546;2508;156;1414.0;
-6478;5546;1433;392;3605.0;
-7041;5546;716;308;2828.0;
-7323;5546;0;245;2236.0;
-7323;5546;0;4;0.0;
-7041;7503;0;658;6082.0;
-7041;7503;0;4;0.0;
-7041;7503;0;4;0.0;
-6760;7503;358;156;1414.0;
-6478;7503;716;156;1414.0;
-5633;7503;2149;542;5000.0;
-5351;7503;2149;112;1000.0;
-5070;7503;2508;156;1414.0;
-4788;7503;2866;156;1414.0;
-4506;7503;3224;156;1414.0;
-3943;7503;3941;308;2828.0;
-3380;7503;4657;308;2828.0;
-3098;7503;5016;156;1414.0;
-2816;7503;5374;156;1414.0;
-2535;7503;5732;156;1414.0;
-2253;7503;5732;112;1000.0;
-1690;7503;6091;245;2236.0;
-1690;7503;6091;4;0.0;
-1408;7503;6449;156;1414.0;
-1408;7503;6449;4;0.0;
-1126;7503;6807;156;1414.0;
-1126;7503;6807;4;0.0;
-281;7503;6807;327;3000.0;
845;7503;7165;448;4123.0;
1408;7503;6807;245;2236.0;
1971;7503;6449;245;2236.0;
1971;7503;6449;4;0.0;
2535;7503;6091;245;2236.0;
3098;7503;5732;245;2236.0;
3098;7503;5374;112;1000.0;
4225;7503;4657;485;4472.0;
4506;7503;4299;156;1414.0;
5351;7503;3582;392;3605.0;
5351;7503;3224;112;1000.0;
6196;7503;2149;460;4242.0;
6478;7503;1791;156;1414.0;
6760;7503;1433;156;1414.0;
7041;7503;1074;156;1414.0;
7323;7503;716;156;1414.0;
7323;7503;358;112;1000.0;
7605;7503;0;156;1414.0;
7323;9461;0;658;6082.0;
7041;9461;0;112;1000.0;
6760;9461;716;245;2236.0;
6478;9461;1433;245;2236.0;
6196;9461;1791;156;1414.0;
5633;9461;2866;392;3605.0;
5351;9461;3224;156;1414.0;
4506;9461;3941;392;3605.0;
3943;9461;4299;245;2236.0;
3661;9461;4657;156;1414.0;
2816;9461;5374;392;3605.0;
2535;9461;5732;156;1414.0;
1690;9461;6807;460;4242.0;
1690;9461;6807;4;0.0;
1126;9461;6807;219;2000.0;
1126;9461;6807;4;0.0;
0;9461;6807;434;4000.0;
0;9461;6807;4;0.0;
-1126;9461;6449;448;4123.0;
-1408;9461;6091;156;1414.0;
-1690;9461;5732;156;1414.0;
-1971;9461;5374;156;1414.0;
-2253;9461;5016;156;1414.0;
-2535;9461;4657;156;1414.0;
-3098;9461;4657;219;2000.0;
-4506;9461;2866;765;7071.0;
-4788;9461;2508;156;1414.0;
-5070;9461;1791;245;2236.0;
-6196;9461;358;612;5656.0;
-6478;9461;0;156;1414.0;
-5633;11418;0;725;6708.0;
-5351;11418;358;156;1414.0;
-5070;11418;358;112;1000.0;
-4788;11418;1074;245;2236.0;
-4225;11418;2149;392;3605.0;
-3943;11418;2508;156;1414.0;
-3661;11418;2866;156;1414.0;
-3098;11418;3582;308;2828.0;
-1971;11418;4657;542;5000.0;
-1690;11418;5016;156;1414.0;
-1408;11418;5016;112;1000.0;
-1126;11418;5374;156;1414.0;
-845;11418;5732;156;1414.0;
-281;11418;5732;219;2000.0;
0;11418;6091;156;1414.0;
0;11418;5732;112;1000.0;
563;11418;6091;245;2236.0;
1126;11418;5732;245;2236.0;
1690;11418;5732;219;2000.0;
2253;11418;5374;245;2236.0;
2535;11418;5016;156;1414.0;
3661;11418;4299;485;4472.0;
3943;11418;3941;156;1414.0;
4788;11418;3224;392;3605.0;
5070;11418;2866;156;1414.0;
5351;11418;2149;245;2236.0;
5633;11418;1791;156;1414.0;
5915;11418;1433;156;1414.0;
6478;11418;0;485;4472.0;
6478;11418;0;4;0.0;
6478;11418;0;4;0.0;
5351;13376;0;780;7211.0;
5070;13376;358;156;1414.0;
5070;13376;716;112;1000.0;
5070;13376;1074;112;1000.0;
4788;13376;2149;344;3162.0;
4506;13376;2508;156;1414.0;
3943;13376;3582;392;3605.0;
3661;13376;3941;156;1414.0;
3380;13376;4299;156;1414.0;
2535;13376;5016;392;3605.0;
1971;13376;5374;245;2236.0;
563;13376;5732;552;5099.0;
281;13376;5732;112;1000.0;
0;13376;5732;112;1000.0;
-281;13376;5732;112;1000.0;
-563;13376;5374;156;1414.0;
-1126;13376;5374;219;2000.0;
-1408;13376;5016;156;1414.0;
-1690;13376;4657;156;1414.0;
-1971;13376;4299;156;1414.0;
-2816;13376;3224;460;4242.0;
-2816;13376;3582;112;1000.0;
-3380;13376;2866;308;2828.0;
-3943;13376;1074;583;5385.0;
-4225;13376;358;245;2236.0;
-4506;13376;0;156;1414.0;
-4506;13376;0;4;0.0;
-1690;15333;3224;1588;14730.0;
-1690;15333;3224;4;0.0;
-1690;15333;3224;4;0.0;
-1690;15333;3224;4;0.0;
-1690;15333;3224;4;0.0;
-1690;15333;3224;4;0.0;
-1690;15333;3224;4;0.0;
-1408;15333;3582;156;1414.0;
-1408;15333;3582;4;0.0;
-1408;15333;3582;4;0.0;
-1408;15333;3582;4;0.0;
-1408;15333;3582;4;0.0;
-1408;15333;3582;4;0.0;
-1408;15333;3582;4;0.0;
-1126;15333;3941;156;1414.0;
-1126;15333;3941;4;0.0;
-1126;15333;3582;112;1000.0;
-1126;15333;3582;4;0.0;
-1126;15333;3582;4;0.0;
-845;15333;3582;112;1000.0;
-845;15333;3582;4;0.0;
-563;15333;4299;245;2236.0;
-281;15333;4299;112;1000.0;
0;15333;4299;112;1000.0;
281;15333;4657;156;1414.0;
563;15333;4657;112;1000.0;
845;15333;4299;156;1414.0;
1126;15333;4299;112;1000.0;
1408;15333;4657;156;1414.0;
1690;15333;4299;156;1414.0;
1690;15333;0;1294;12000.0;
1971;15333;3941;1192;11045.0;
1971;15333;0;1187;11000.0;
1971;15333;0;4;0.0;
1971;15333;0;4;0.0;
2253;15333;0;112;1000.0;
2253;15333;0;4;0.0;
2253;15333;0;4;0.0;
2535;15333;3582;1085;10049.0;
2535;15333;0;1079;10000.0;
2535;15333;0;4;0.0;
2535;15333;0;4;0.0;
2535;15333;0;4;0.0;
2816;15333;2866;871;8062.0;
2816;15333;2508;112;1000.0;
2816;15333;1791;219;2000.0;
2816;15333;1791;4;0.0;
3098;15333;2149;156;1414.0;
3098;15333;1433;219;2000.0;
3098;15333;1433;4;0.0;
3098;15333;1433;4;0.0;
3380;15333;1433;112;1000.0;
3380;15333;1433;4;0.0;
3380;15333;1074;112;1000.0;
-8450;15986;0;4537;42154.0;
-8450;1957;0;4628;43000.0;
-8450;1631;0;112;1000.0;
-8450;1631;0;4;0.0;
-8450;1305;0;112;1000.0;
-8450;978;0;112;1000.0;
-8450;978;0;4;0.0;
-8450;652;0;112;1000.0;
-8450;652;0;4;0.0;
-8450;652;0;4;0.0;
-8450;652;716;219;2000.0;
-8450;326;0;245;2236.0;
-8450;326;0;4;0.0;
-8450;326;0;4;0.0;
-8450;0;0;112;1000.0;
-8450;0;0;4;0.0;
-8450;0;0;4;0.0;
-8450;0;0;4;0.0;
-8450;0;716;219;2000.0;
-8450;0;716;4;0.0;
-8450;-326;0;245;2236.0;
-8450;-326;0;4;0.0;
-8450;-652;0;112;1000.0;
-8450;-978;0;112;1000.0;
-8450;-978;0;4;0.0;
-8450;-978;0;4;0.0;
-8450;-1305;0;112;1000.0;
-8450;-1631;0;112;1000.0;
-8450;-1631;0;4;0.0;
-8450;-2283;0;219;2000.0;
-8450;-2283;0;4;0.0;
-8450;-2610;0;112;1000.0;
-6760;-13050;0;3505;32557.0;
-6760;-13050;0;4;0.0;
-6760;-12723;358;156;1414.0;
-6760;-12397;358;112;1000.0;
-6760;-12071;1074;245;2236.0;
-6760;-12071;716;112;1000.0;
-6760;-11418;1433;308;2828.0;
-6760;-11092;1433;112;1000.0;
-6760;-10766;1791;156;1414.0;
-6760;-10440;1791;112;1000.0;
-6760;-9787;2149;245;2236.0;
-6760;-9461;2149;112;1000.0;
-6760;-8808;2149;219;2000.0;
-6760;-8482;2149;112;1000.0;
-6760;-8156;2508;156;1414.0;
-6760;-7503;2866;245;2236.0;
-6760;-7503;2508;112;1000.0;
-6760;-7177;2866;156;1414.0;
-6760;-6851;2866;112;1000.0;
-6760;-6525;3224;156;1414.0;
-6760;-5872;3224;219;2000.0;
-6760;-5546;3582;156;1414.0;
-6760;-4893;3582;219;2000.0;
-6760;-4567;3582;112;1000.0;
-6760;-3915;3224;245;2236.0;
-6760;-3262;2508;308;2828.0;
-6760;-2936;2508;112;1000.0;
-6760;-2283;2508;219;2000.0;
-6760;-1957;2508;112;1000.0;
-6760;-1305;2508;219;2000.0;
-6760;-978;2866;156;1414.0;
-6760;-652;2866;112;1000.0;
-6760;0;3582;308;2828.0;
-6760;1957;2866;684;6324.0;
-6760;2283;2866;112;1000.0;
-6760;2936;2866;219;2000.0;
-6760;3588;2508;245;2236.0;
-6760;4241;1433;392;3605.0;
-6760;4567;1433;112;1000.0;
-6760;5220;1433;219;2000.0;
-6760;5872;1074;245;2236.0;
-6760;7177;358;485;4472.0;
-6760;7503;358;112;1000.0;
-6760;8156;0;245;2236.0;
-6760;8156;0;4;0.0;
-6760;8482;0;112;1000.0;
-6760;8482;0;4;0.0;
-6760;8808;0;112;1000.0;
-6760;9135;0;112;1000.0;
-5070;12397;0;1258;11661.0;
-5070;12071;0;112;1000.0;
-5070;12071;0;4;0.0;
-5070;11418;358;245;2236.0;
-5070;10766;1433;392;3605.0;
-5070;10113;1791;245;2236.0;
-5070;9461;1791;219;2000.0;
-5070;9135;2508;245;2236.0;
-5070;8808;2149;156;1414.0;
-5070;7830;2508;344;3162.0;
-5070;7503;2508;112;1000.0;
-5070;6851;2866;245;2236.0;
-5070;6198;2866;219;2000.0;
-5070;5872;2866;112;1000.0;
-5070;5220;3224;245;2236.0;
-5070;4567;3582;245;2236.0;
-5070;3915;3941;245;2236.0;
-5070;3262;3941;219;2000.0;
-5070;2936;3941;112;1000.0;
-5070;2283;4299;245;2236.0;
-5070;1957;4299;112;1000.0;
-5070;1305;4299;219;2000.0;
-5070;652;4299;219;2000.0;
-5070;326;4299;112;1000.0;
-5070;0;4299;112;1000.0;
-5070;-326;4299;112;1000.0;
-5070;-652;3941;156;1414.0;
-5070;-1305;3941;219;2000.0;
-5070;-1631;4299;156;1414.0;
-5070;-2283;4657;245;2236.0;
-5070;-2610;5016;156;1414.0;
-5070;-3262;5016;219;2000.0;
-5070;-3915;5016;219;2000.0;
-5070;-4241;5016;112;1000.0;
-5070;-4893;5016;219;2000.0;
-5070;-5220;5016;112;1000.0;
-5070;-5872;5016;219;2000.0;
-5070;-6198;5016;112;1000.0;
-5070;-6851;5016;219;2000.0;
-5070;-7177;5016;112;1000.0;
-5070;-7503;4657;156;1414.0;
-5070;-8156;4657;219;2000.0;
-5070;-8482;4299;156;1414.0;
-5070;-8808;4299;112;1000.0;
-5070;-10766;3582;684;6324.0;
-5070;-11092;3582;112;1000.0;
-5070;-11418;3582;112;1000.0;
-5070;-12071;3224;245;2236.0;
-5070;-12397;3224;112;1000.0;
-5070;-12723;2866;156;1414.0;
-5070;-13376;2866;219;2000.0;
-5070;-13702;2508;156;1414.0;
-5070;-14028;2149;156;1414.0;
-5070;-14355;1433;245;2236.0;
-5070;-14681;1433;112;1000.0;
-5070;-15007;716;245;2236.0;
-5070;-15333;358;156;1414.0;
-5070;-15333;358;4;0.0;
-5070;-15333;358;4;0.0;
-3380;-15660;1791;787;7280.0;
-3380;-15660;1433;112;1000.0;
-3380;-15007;2508;392;3605.0;
-3380;-14681;2866;156;1414.0;
-3380;-14028;3224;245;2236.0;
-3380;-13376;3941;308;2828.0;
-3380;-13050;4299;156;1414.0;
-3380;-12723;4657;156;1414.0;
-3380;-12071;4657;219;2000.0;
-3380;-11745;5016;156;1414.0;
-3380;-11418;5016;112;1000.0;
-3380;-10766;5016;219;2000.0;
-3380;-10440;5016;112;1000.0;
-3380;-8156;5732;787;7280.0;
-3380;-7830;5732;112;1000.0;
-3380;-7177;6091;245;2236.0;
-3380;-6851;6091;112;1000.0;
-3380;-6198;6091;219;2000.0;
-3380;-5872;5732;156;1414.0;
-3380;-4567;5016;485;4472.0;
-3380;-4241;5016;112;1000.0;
-3380;-3588;5016;219;2000.0;
-3380;-2936;5016;219;2000.0;
-3380;-2610;5016;112;1000.0;
-3380;3262;4299;1952;18110.0;
-3380;3588;4299;112;1000.0;
-3380;4241;4299;219;2000.0;
-3380;4893;4299;219;2000.0;
-3380;5220;4299;112;1000.0;
-3380;5872;4299;219;2000.0;
-3380;6198;4299;112;1000.0;
-3380;6525;4657;156;1414.0;
-3380;7177;4657;219;2000.0;
-3380;7503;4657;112;1000.0;
-3380;8156;4657;219;2000.0;
-3380;8482;4657;112;1000.0;
-3380;9135;4299;245;2236.0;
-3380;9787;4299;219;2000.0;
-3380;10113;4299;112;1000.0;
-3380;10766;3582;308;2828.0;
-3380;11092;3224;156;1414.0;
-3380;11745;3224;219;2000.0;
-3380;12397;2866;245;2236.0;
-3380;12723;2866;112;1000.0;
-3380;13376;2866;219;2000.0;
-3380;14028;1791;392;3605.0;
-3380;14028;0;542;5000.0;
-3380;14355;1433;448;4123.0;
-3380;14355;716;219;2000.0;
-3380;14355;716;4;0.0;
-3380;14355;716;4;0.0;
-3380;14355;0;219;2000.0;
-3380;14355;0;4;0.0;
-1690;15333;3224;1211;11224.0;
-1690;15333;3224;4;0.0;
-1690;15333;3224;4;0.0;
-1690;15333;3224;4;0.0;
-1690;15333;3224;4;0.0;
-1690;15333;3224;4;0.0;
-1690;15333;3224;4;0.0;
-1690;15007;0;978;9055.0;
-1690;15007;0;4;0.0;
-1690;15007;3224;972;9000.0;
-1690;15007;3224;4;0.0;
-1690;15007;3582;112;1000.0;
-1690;14681;3941;156;1414.0;
-1690;14355;4299;156;1414.0;
-1690;14028;4657;156;1414.0;
-1690;13376;4657;219;2000.0;
-1690;13050;4657;112;1000.0;
-1690;12397;4657;219;2000.0;
-1690;12071;4657;112;1000.0;
-1690;11418;5016;245;2236.0;
-1690;10440;5732;392;3605.0;
-1690;9787;5732;219;2000.0;
-1690;9461;5732;112;1000.0;
-1690;8808;5732;219;2000.0;
-1690;8482;5732;112;1000.0;
-1690;8482;5732;4;0.0;
-1690;7830;6091;245;2236.0;
-1690;7503;6091;112;1000.0;
-1690;7503;6091;4;0.0;
-1690;6525;6091;327;3000.0;
-1690;5872;5732;245;2236.0;
-1690;5546;5732;112;1000.0;
-1690;5220;5374;156;1414.0;
-1690;4893;5374;112;1000.0;
-1690;4241;5016;245;2236.0;
-1690;4241;5016;4;0.0;
-1690;4241;5016;4;0.0;
-1690;4241;5374;112;1000.0;
-1690;4241;5374;4;0.0;
-1690;4241;5374;4;0.0;
-1690;3915;6091;245;2236.0;
-1690;3915;6091;4;0.0;
-1690;3915;6091;4;0.0;
-1690;3915;6807;219;2000.0;
-1690;3915;6807;4;0.0;
-1690;3915;6807;4;0.0;
-1690;3915;6807;4;0.0;
-1690;3588;7165;156;1414.0;
-1690;2610;7165;327;3000.0;
-1690;2283;5732;448;4123.0;
-1690;2283;5732;4;0.0;
-1690;2283;6807;327;3000.0;
-1690;1957;6449;156;1414.0;
-1690;1631;5732;245;2236.0;
-1690;1305;5732;112;1000.0;
-1690;652;5732;219;2000.0;
-1690;652;6091;112;1000.0;
-1690;326;5732;156;1414.0;
-1690;326;6091;112;1000.0;
-1690;0;5374;245;2236.0;
-1690;-326;5374;112;1000.0;
-1690;-652;5374;112;1000.0;
-1690;-978;5016;156;1414.0;
-1690;-1631;4657;245;2236.0;
-1690;-1957;4657;112;1000.0;
-1690;-1957;4657;4;0.0;
-1690;-3588;4657;542;5000.0;
-1690;-3915;5016;156;1414.0;
-1690;-5220;6091;542;5000.0;
-1690;-5872;6091;219;2000.0;
-1690;-6198;6449;156;1414.0;
-1690;-6851;6449;219;2000.0;
-1690;-7177;6449;112;1000.0;
-1690;-7503;6449;112;1000.0;
-1690;-8156;6091;245;2236.0;
-1690;-8482;6091;112;1000.0;
-1690;-9135;6091;219;2000.0;
-1690;-9461;5732;156;1414.0;
-1690;-9787;5732;112;1000.0;
-1690;-10440;5732;219;2000.0;
-1690;-10766;5732;112;1000.0;
-1690;-13050;4657;823;7615.0;
-1690;-13376;4657;112;1000.0;
-1690;-13702;4299;156;1414.0;
-1690;-14028;4299;112;1000.0;
-1690;-15007;3224;460;4242.0;
-1690;-15333;2866;156;1414.0;
-1690;-15660;2508;156;1414.0;
-1690;-15660;2508;4;0.0;
-1690;-15660;2508;4;0.0;
0;-14681;3941;844;7810.0;
0;-14681;3941;4;0.0;
0;-14681;3941;4;0.0;
0;-14681;3941;4;0.0;
0;-14028;4657;308;2828.0;
0;-14028;4299;112;1000.0;
0;-13702;4657;156;1414.0;
0;-13702;4657;4;0.0;
0;-13376;5016;156;1414.0;
0;-12723;5374;245;2236.0;
0;-12397;5374;112;1000.0;
0;-12071;5732;156;1414.0;
0;-11418;5732;219;2000.0;
0;-11092;5732;112;1000.0;
0;-10766;5732;112;1000.0;
0;-10766;5732;4;0.0;
0;-10113;5732;219;2000.0;
0;-9787;6091;156;1414.0;
0;-9135;6091;219;2000.0;
0;-8808;6091;112;1000.0;
0;-8808;6091;4;0.0;
0;-8482;6091;112;1000.0;
0;-8482;6091;4;0.0;
0;-7830;6449;245;2236.0;
0;-7830;6449;4;0.0;
0;-7503;6449;112;1000.0;
0;-7503;6449;4;0.0;
0;-7177;6449;112;1000.0;
0;-7177;6449;4;0.0;
0;-6525;6449;219;2000.0;
0;-6525;6449;4;0.0;
0;-6198;6449;112;1000.0;
0;-6198;6449;4;0.0;
0;-5546;6449;219;2000.0;
0;-5220;6449;112;1000.0;
0;-4893;6449;112;1000.0;
0;-4567;6091;156;1414.0;
0;-3915;6091;219;2000.0;
0;-3588;6091;112;1000.0;
0;-2936;6091;219;2000.0;
0;-2610;6091;112;1000.0;
0;-2283;6091;112;1000.0;
0;-1957;6449;156;1414.0;
0;-1305;6807;245;2236.0;
0;-1305;6807;4;0.0;
0;-978;7165;156;1414.0;
0;-978;7165;4;0.0;
0;-652;7524;156;1414.0;
0;-326;7524;112;1000.0;
0;0;7882;156;1414.0;
0;326;8240;156;1414.0;
0;652;8599;156;1414.0;
0;652;8599;4;0.0;
0;978;8957;156;1414.0;
0;1305;8957;112;1000.0;
0;1957;9315;245;2236.0;
0;2283;9315;112;1000.0;
0;2936;9315;219;2000.0;
0;3588;9315;219;2000.0;
0;3588;9315;4;0.0;
0;3915;8599;245;2236.0;
0;3915;8599;4;0.0;
0;3915;8599;4;0.0;
0;3915;8599;4;0.0;
0;4241;8240;156;1414.0;
0;4241;7524;219;2000.0;
0;4241;7524;4;0.0;
0;4241;7524;4;0.0;
0;4241;7524;4;0.0;
0;4241;7524;4;0.0;
0;4241;7524;4;0.0;
0;4241;7524;4;0.0;
0;4241;7524;4;0.0;
0;4241;7165;112;1000.0;
0;4241;7165;4;0.0;
0;4241;7165;4;0.0;
0;4241;7165;4;0.0;
0;4241;7165;4;0.0;
0;4241;7165;4;0.0;
0;4241;7165;4;0.0;
0;4241;7165;4;0.0;
0;4241;7165;4;0.0;
0;4567;6449;245;2236.0;
0;4567;6449;4;0.0;
0;4567;6449;4;0.0;
0;4893;6449;112;1000.0;
0;5546;6807;245;2236.0;
0;5872;6807;112;1000.0;
0;6198;7165;156;1414.0;
0;6851;7165;219;2000.0;
0;6851;7165;4;0.0;
0;7177;7524;156;1414.0;
0;7177;7524;4;0.0;
0;7177;7524;4;0.0;
0;7177;7165;112;1000.0;
0;7177;7165;4;0.0;
0;7830;7165;219;2000.0;
0;7830;7165;4;0.0;
0;7830;7165;4;0.0;
0;7830;7165;4;0.0;
0;8156;6807;156;1414.0;
0;8156;6807;4;0.0;
0;8808;6807;219;2000.0;
0;9461;6807;219;2000.0;
0;9461;6807;4;0.0;
0;9787;6807;112;1000.0;
0;10113;6449;156;1414.0;
0;10440;6091;156;1414.0;
0;10766;6091;112;1000.0;
0;10766;6091;4;0.0;
0;11418;6091;219;2000.0;
0;11418;5732;112;1000.0;
0;11745;5732;112;1000.0;
0;11745;5732;4;0.0;
0;12397;5732;219;2000.0;
0;13050;5732;219;2000.0;
0;13376;5732;112;1000.0;
0;14028;5732;219;2000.0;
0;14355;5374;156;1414.0;
0;15007;5016;245;2236.0;
0;15007;4657;112;1000.0;
0;15333;4299;156;1414.0;
0;15660;3941;156;1414.0;
0;15660;3582;112;1000.0;
0;15660;3582;4;0.0;
0;15660;3582;4;0.0;
0;15660;3582;4;0.0;
0;15660;3582;4;0.0;
0;15660;3582;4;0.0;
0;15660;3582;4;0.0;
0;15660;0;1079;10000.0;
0;15660;0;4;0.0;
0;15660;0;4;0.0;
0;15660;0;4;0.0;
1690;15660;0;649;6000.0;
1690;15660;0;4;0.0;
1690;15660;2866;864;8000.0;
1690;15660;2866;4;0.0;
1690;15660;2866;4;0.0;
1690;15660;3224;112;1000.0;
1690;15660;3224;4;0.0;
1690;15660;3582;112;1000.0;
1690;15333;0;1085;10049.0;
1690;15333;4299;1294;12000.0;
1690;14681;5016;308;2828.0;
1690;14028;5374;245;2236.0;
1690;13050;5732;344;3162.0;
1690;11418;5732;542;5000.0;
1690;10766;5732;219;2000.0;
1690;10113;6449;308;2828.0;
1690;9461;6807;245;2236.0;
1690;9461;6807;4;0.0;
1690;8482;6091;392;3605.0;
1690;8156;6091;112;1000.0;
1690;8156;6091;4;0.0;
1690;6198;6449;658;6082.0;
1690;5872;6449;112;1000.0;
1690;5220;6091;245;2236.0;
1690;4893;6091;112;1000.0;
1690;4567;5732;156;1414.0;
1690;4567;5732;4;0.0;
1690;3915;6091;245;2236.0;
1690;3915;6091;4;0.0;
1690;3915;6091;4;0.0;
1690;3915;6091;4;0.0;
1690;3588;7165;344;3162.0;
1690;3588;7165;4;0.0;
1690;3262;7524;156;1414.0;
1690;3262;7524;4;0.0;
1690;3262;7524;4;0.0;
1690;3262;7524;4;0.0;
1690;3262;7524;4;0.0;
1690;2936;8599;344;3162.0;
1690;2936;8599;4;0.0;
1690;2283;7882;308;2828.0;
1690;2283;8240;112;1000.0;
1690;1957;8240;112;1000.0;
1690;1631;7165;344;3162.0;
1690;1631;7524;112;1000.0;
1690;1305;6807;245;2236.0;
1690;1305;7165;112;1000.0;
1690;978;6091;344;3162.0;
1690;978;6807;219;2000.0;
1690;652;6091;245;2236.0;
1690;0;5732;245;2236.0;
1690;0;6091;112;1000.0;
1690;-326;5374;245;2236.0;
1690;-2936;4657;891;8246.0;
1690;-4241;5016;448;4123.0;
1690;-4567;5732;245;2236.0;
1690;-5872;6449;485;4472.0;
1690;-6851;6449;327;3000.0;
1690;-7177;6449;112;1000.0;
1690;-7830;6449;219;2000.0;
1690;-10113;5732;787;7280.0;
1690;-10766;5732;219;2000.0;
1690;-12723;5016;684;6324.0;
1690;-13050;5016;112;1000.0;
1690;-13376;4657;156;1414.0;
1690;-13702;4299;156;1414.0;
1690;-14681;3582;392;3605.0;
1690;-15007;3224;156;1414.0;
1690;-15333;2508;245;2236.0;
1690;-15333;2866;112;1000.0;
1690;-15333;2866;4;0.0;
1690;-15333;2866;4;0.0;
1690;-15333;3224;112;1000.0;
3380;-15986;1433;871;8062.0;
3380;-15333;1791;245;2236.0;
3380;-14681;2866;392;3605.0;
3380;-14355;2866;112;1000.0;
3380;-14028;3582;245;2236.0;
3380;-13702;3941;156;1414.0;
3380;-12397;4657;485;4472.0;
3380;-12071;4657;112;1000.0;
3380;-11418;5016;245;2236.0;
3380;-11092;5016;112;1000.0;
3380;-10113;5016;327;3000.0;
3380;-9787;5374;156;1414.0;
3380;-9135;5374;219;2000.0;
3380;-8808;5732;156;1414.0;
3380;-8482;5732;112;1000.0;
3380;-7830;6091;245;2236.0;
3380;-7830;5732;112;1000.0;
3380;-7503;5732;112;1000.0;
3380;-5546;5732;649;6000.0;
3380;-4893;5374;245;2236.0;
3380;-4241;5016;245;2236.0;
3380;-3915;5016;112;1000.0;
3380;-3588;5016;112;1000.0;
3380;-2936;5016;219;2000.0;
3380;-1305;4299;583;5385.0;
3380;-978;4299;112;1000.0;
3380;0;4299;327;3000.0;
3380;326;4657;156;1414.0;
3380;652;4657;112;1000.0;
3380;2610;4657;649;6000.0;
3380;3588;4657;327;3000.0;
3380;4241;4299;245;2236.0;
3380;4567;4299;112;1000.0;
3380;4893;4657;156;1414.0;
3380;5546;4657;219;2000.0;
3380;7177;5374;583;5385.0;
3380;8156;5016;344;3162.0;
3380;8808;4657;245;2236.0;
3380;9135;5016;156;1414.0;
3380;9787;5016;219;2000.0;
3380;9787;4657;112;1000.0;
3380;10113;4657;112;1000.0;
3380;10766;4657;219;2000.0;
3380;10766;4657;4;0.0;
3380;11092;4657;112;1000.0;
3380;11745;4299;245;2236.0;
3380;13376;4299;542;5000.0;
3380;14355;3941;344;3162.0;
3380;14355;3582;112;1000.0;
3380;15007;2508;392;3605.0;
3380;15007;2149;112;1000.0;
3380;15007;1074;327;3000.0;
3380;15007;1074;4;0.0;
3380;15007;0;327;3000.0;
3380;15333;1433;448;4123.0;
3380;15333;1433;4;0.0;
3380;15333;1074;112;1000.0;
5070;13702;0;904;8366.0;
5070;13376;358;156;1414.0;
5070;13376;716;112;1000.0;
5070;13376;1074;112;1000.0;
5070;13050;1791;245;2236.0;
5070;13050;2149;112;1000.0;
5070;12723;2149;112;1000.0;
5070;12397;2508;156;1414.0;
5070;12071;2508;112;1000.0;
5070;11418;2866;245;2236.0;
5070;10766;2866;219;2000.0;
5070;10440;2866;112;1000.0;
5070;10113;3224;156;1414.0;
5070;9787;3224;112;1000.0;
5070;9135;3582;245;2236.0;
5070;8808;3582;112;1000.0;
5070;8156;3582;219;2000.0;
5070;7830;3582;112;1000.0;
5070;6851;3941;344;3162.0;
5070;6525;3582;156;1414.0;
5070;4241;3941;765;7071.0;
5070;3915;4299;156;1414.0;
5070;3262;4299;219;2000.0;
5070;2936;4299;112;1000.0;
5070;2283;4299;219;2000.0;
5070;1957;4299;112;1000.0;
5070;1631;4299;112;1000.0;
5070;978;4299;219;2000.0;
5070;652;4299;112;1000.0;
5070;0;3941;245;2236.0;
5070;0;3941;4;0.0;
5070;-326;3941;112;1000.0;
5070;-1631;3941;434;4000.0;
5070;-1957;4299;156;1414.0;
5070;-2610;4657;245;2236.0;
5070;-3588;4657;327;3000.0;
5070;-5220;5016;552;5099.0;
5070;-5546;5016;112;1000.0;
5070;-6198;5016;219;2000.0;
5070;-6525;5016;112;1000.0;
5070;-6851;5016;112;1000.0;
5070;-7503;4657;245;2236.0;
5070;-7830;4299;156;1414.0;
5070;-10440;3941;871;8062.0;
5070;-11092;3582;245;2236.0;
5070;-11418;3582;112;1000.0;
5070;-11745;3582;112;1000.0;
5070;-12071;3224;156;1414.0;
5070;-13376;2508;485;4472.0;
5070;-13702;2149;156;1414.0;
5070;-14028;1433;245;2236.0;
5070;-15007;716;392;3605.0;
5070;-15333;0;245;2236.0;
5070;-15333;358;112;1000.0;
5070;-15660;0;156;1414.0;
6760;-13376;0;996;9219.0;
6760;-13376;0;4;0.0;
6760;-13050;0;112;1000.0;
6760;-13050;0;4;0.0;
6760;-13050;0;4;0.0;
6760;-12723;358;156;1414.0;
6760;-12723;0;112;1000.0;
6760;-12397;716;245;2236.0;
6760;-12397;358;112;1000.0;
6760;-12071;1074;245;2236.0;
6760;-11418;1074;219;2000.0;
6760;-11092;1074;112;1000.0;
6760;-10440;1791;308;2828.0;
6760;-10440;1433;112;1000.0;
6760;-10113;1433;112;1000.0;
6760;-9787;2149;245;2236.0;
6760;-9787;1791;112;1000.0;
6760;-9461;2149;156;1414.0;
6760;-9461;1791;112;1000.0;
6760;-8808;2149;245;2236.0;
6760;-8482;2149;112;1000.0;
6760;-8156;2508;156;1414.0;
6760;-7503;2508;219;2000.0;
6760;-7503;2149;112;1000.0;
6760;-7177;2508;156;1414.0;
6760;-7177;2149;112;1000.0;
6760;-6851;2866;245;2236.0;
6760;-6525;2508;156;1414.0;
6760;-6198;2866;156;1414.0;
6760;-6198;2508;112;1000.0;
6760;-5872;3224;245;2236.0;
6760;-5546;3224;112;1000.0;
6760;-4893;2866;245;2236.0;
6760;-4241;3224;245;2236.0;
6760;-3915;2866;156;1414.0;
6760;-3588;2508;156;1414.0;
6760;-3262;2508;112;1000.0;
6760;-2610;2149;245;2236.0;
6760;-2283;2149;112;1000.0;
6760;-1957;2508;156;1414.0;
6760;-1305;2508;219;2000.0;
6760;-978;2866;156;1414.0;
6760;-652;2866;112;1000.0;
6760;0;3224;245;2236.0;
6760;0;3224;4;0.0;
6760;1631;3224;542;5000.0;
6760;1957;3224;112;1000.0;
6760;2610;3224;219;2000.0;
6760;2936;3224;112;1000.0;
6760;2936;2866;112;1000.0;
6760;3588;2866;219;2000.0;
6760;3588;2508;112;1000.0;
6760;3915;2508;112;1000.0;
6760;4567;2149;245;2236.0;
6760;5220;1791;245;2236.0;
6760;5546;1791;112;1000.0;
6760;5872;1433;156;1414.0;
6760;6198;1433;112;1000.0;
6760;6525;1791;156;1414.0;
6760;6851;1433;156;1414.0;
6760;7177;1433;112;1000.0;
6760;7503;1433;112;1000.0;
6760;8156;1074;245;2236.0;
6760;8808;716;245;2236.0;
6760;9135;1074;156;1414.0;
6760;9461;716;156;1414.0;
6760;9787;716;112;1000.0;
6760;9787;358;112;1000.0;
6760;10440;358;219;2000.0;
6760;10440;0;112;1000.0;
6760;10440;0;4;0.0;
6760;10440;0;4;0.0;
6760;10440;0;4;0.0;
6760;11092;0;219;2000.0;
6760;11092;0;4;0.0;
5915;12397;0;542;5000.0;
4506;14355;0;844;7810.0;
3098;15333;1433;765;7071.0;
1690;15660;3582;851;7874.0;
1971;15007;4657;407;3741.0;
2535;13050;5016;693;6403.0;
3098;12723;4299;327;3000.0;
3380;10766;4657;667;6164.0;
3098;10113;5374;327;3000.0;
1690;9461;6807;725;6708.0;
0;10766;6091;809;7483.0;
-1126;10440;5732;460;4242.0;
-2253;12071;4299;816;7549.0;
-3661;13050;2508;830;7681.0;
-4225;13702;0;816;7549.0;
-3661;14028;1074;407;3741.0;
-2253;15007;2508;765;7071.0;
-1971;13050;4299;851;7874.0;
-2816;13376;3224;473;4358.0;
-2253;15007;2508;622;5744.0;
-3098;14355;1074;583;5385.0;
-4506;13376;0;709;6557.0;
-5351;11745;0;631;5830.0;
-4506;11745;1433;542;5000.0;
-3380;12397;2866;649;6000.0;
-2816;14355;2149;717;6633.0;
-1971;15007;2866;448;4123.0;
-845;14681;5016;787;7280.0;
563;13376;5732;725;6708.0;
1690;13050;5732;448;4123.0;
2816;11092;5016;809;7483.0;
2535;10440;5732;327;3000.0;
2816;8482;5016;693;6403.0;
3098;7503;5374;361;3316.0;
1971;6525;6449;631;5830.0;
1690;5220;6091;460;4242.0;
845;3262;7165;794;7348.0;
-281;3915;7524;497;4582.0;
-1690;3915;6091;693;6403.0;
-2535;3588;4299;640;5916.0;
-3661;2610;4657;552;5099.0;
-4506;326;4299;830;7681.0;
-4788;-1305;4299;552;5099.0;
-3098;-1631;4299;658;6082.0;
-2253;-652;4657;473;4358.0;
-3098;978;4657;631;5830.0;
-4788;-326;4299;787;7280.0;
-6196;0;3582;593;5477.0;
-7041;-1957;2149;844;7810.0;
-8168;-978;358;765;7071.0;
-8168;-2283;0;448;4123.0;
-7323;-3262;1791;709;6557.0;
-7323;-5220;2149;658;6082.0;
-8168;-5220;0;725;6708.0;
-8168;-2936;0;757;7000.0;
-7041;-3262;2149;787;7280.0;
-6478;-1631;2866;622;5744.0;
-7323;0;2866;631;5830.0;
-6478;2283;3224;830;7681.0;
-7041;2610;2508;327;3000.0;
-7605;1631;2149;407;3741.0;
-8450;1631;0;725;6708.0;
-7886;2283;716;377;3464.0;
-6760;3588;2508;816;7549.0;
-6196;5220;2149;593;5477.0;
-4506;4893;3941;851;7874.0;
-4788;3262;4299;563;5196.0;
-6478;2936;2866;787;7280.0;
-7605;3588;716;809;7483.0;
-8168;3262;0;327;3000.0;
-8450;1631;0;552;5099.0;
-7886;-652;1074;851;7874.0;
-6478;-652;3224;844;7810.0;
-7323;0;2866;407;3741.0;
-7605;1305;2149;497;4582.0;
-8450;652;0;757;7000.0;
-8450;-652;0;434;4000.0;
-7605;-2283;1074;709;6557.0;
-7886;-2936;358;327;3000.0;
-7605;-4567;1074;593;5477.0;
-7886;-5872;358;497;4582.0;
-7605;-7830;716;667;6164.0;
-6760;-8156;2508;640;5916.0;
-6760;-9461;2149;448;4123.0;
-7605;-9135;358;640;5916.0;
-7886;-7503;358;552;5099.0;
-7323;-5546;1791;809;7483.0;
-7886;-3588;716;757;7000.0;
-8168;-4241;0;327;3000.0;
-8168;-5220;0;327;3000.0;
-7605;-5872;1074;448;4123.0;
-7323;-6851;1433;361;3316.0;
-6760;-7503;2508;448;4123.0;
-5633;-7503;4299;693;6403.0;
-5915;-6525;4657;361;3316.0;
-5351;-4241;4657;787;7280.0;
-3943;-2936;5016;701;6480.0;
-4788;-652;4299;851;7874.0;
-2816;0;4657;794;7348.0;
-1690;326;6091;622;5744.0;
-1690;1957;6449;552;5099.0;
-1971;2610;5374;407;3741.0;
-2253;3588;4657;407;3741.0;
-1690;4241;5016;327;3000.0;
-845;3915;6807;640;5916.0;
-1126;3588;7882;361;3316.0;
0;2936;9315;649;6000.0;
281;978;8957;667;6164.0;
845;0;7524;583;5385.0;
0;-1305;6807;583;5385.0;
-563;-3588;5732;851;7874.0;
-845;-5220;6091;563;5196.0;
0;-6525;6449;552;5099.0;
1690;-5872;6449;684;6324.0;
3098;-5872;6091;552;5099.0;
3943;-7830;5374;757;7000.0;
3380;-9135;5374;485;4472.0;
3380;-11418;5016;765;7071.0;
2816;-13702;3941;851;7874.0;
1971;-14355;3941;392;3605.0;
1408;-15007;3582;327;3000.0;
0;-14681;3941;563;5196.0;
563;-14028;4299;327;3000.0;
-281;-13050;5016;509;4690.0;
563;-12071;5732;509;4690.0;
845;-10440;5732;552;5099.0;
2253;-9461;5732;631;5830.0;
3661;-10766;4657;765;7071.0;
4506;-9787;4657;460;4242.0;
6196;-8808;3224;844;7810.0;
6478;-7830;2866;361;3316.0;
6760;-8482;2149;327;3000.0;
7041;-9787;1433;497;4582.0;
7605;-9461;358;407;3741.0;
7886;-7177;0;772;7141.0;
7041;-7177;1791;631;5830.0;
7323;-8482;1433;460;4242.0;
7041;-9787;1433;448;4123.0;
7323;-11418;0;701;6480.0;
6478;-12071;1433;583;5385.0;
5351;-12723;2866;649;6000.0;
4225;-12723;3941;542;5000.0;
3380;-12397;4657;407;3741.0;
2535;-11745;5374;448;4123.0;
1126;-11745;5374;542;5000.0;
0;-13702;4657;809;7483.0;
-1126;-14355;4299;497;4582.0;
-2535;-13376;4299;631;5830.0;
-4225;-12071;4299;780;7211.0;
-3943;-9787;5016;794;7348.0;
-2816;-8482;5732;649;6000.0;
-2535;-6851;6449;593;5477.0;
-3380;-5872;5732;509;4690.0;
-4225;-5872;5374;344;3162.0;
-4788;-5220;5016;327;3000.0;
-5633;-4893;4657;361;3316.0;
-7041;-3915;2866;830;7681.0;
-7323;-1631;1791;830;7681.0;
-8450;-2283;0;725;6708.0;
-8450;-978;0;434;4000.0;
-8450;978;0;649;6000.0;
-8168;978;1433;448;4123.0;
-7605;0;2508;509;4690.0;
-7041;978;3224;448;4123.0;
-5633;0;3941;667;6164.0;
-6478;-652;3224;448;4123.0;
-7323;-1305;1791;583;5385.0;
-8450;0;0;816;7549.0;
-8168;2283;0;765;7071.0;
-7886;3915;0;552;5099.0;
-6760;5872;1074;844;7810.0;
-5915;7830;1433;733;6782.0;
-4506;7503;3224;772;7141.0;
-5070;5220;3224;787;7280.0;
-6196;3262;3224;780;7211.0;
-5915;1305;3941;693;6403.0;
-6478;326;3582;407;3741.0;
-7041;978;3224;327;3000.0;
-7323;1631;2508;327;3000.0;
-7041;3262;2149;563;5196.0;
-6196;5220;2149;725;6708.0;
-5070;4567;3582;649;6000.0;
-3943;4241;4299;497;4582.0;
-4225;3262;4299;344;3162.0;
-4788;1631;4299;583;5385.0;
-3943;-326;4299;725;6708.0;
-4788;-1305;4299;460;4242.0;
-3943;-2936;5016;667;6164.0;
-5070;-3262;5016;448;4123.0;
-6196;-4567;4299;649;6000.0;
-6196;-5546;4299;327;3000.0;
-6478;-6525;3941;361;3316.0;
-6196;-7830;3224;497;4582.0;
-6196;-10113;2866;765;7071.0;
-6196;-11745;2149;583;5385.0;
-5070;-12397;3224;583;5385.0;
-4506;-14355;2149;757;7000.0;
-2535;-15333;2508;830;7681.0;
-845;-15007;3582;733;6782.0;
-1408;-13050;5016;809;7483.0;
-563;-13376;5016;344;3162.0;
281;-12397;5374;473;4358.0;
281;-10113;6091;787;7280.0;
0;-8808;6091;448;4123.0;
-1690;-7177;6449;851;7874.0;
-2816;-5220;5732;809;7483.0;
-3943;-4241;5016;583;5385.0;
-4225;-2610;5016;552;5099.0;
-5070;-3262;5016;392;3605.0;
-6478;-3588;3224;772;7141.0;
-7041;-1957;2149;667;6164.0;
-7605;-978;1791;407;3741.0;
-7323;0;2866;473;4358.0;
-6478;-326;3224;361;3316.0;
-5915;-1631;3582;497;4582.0;
-4788;-1305;4299;497;4582.0;
-3943;-1305;4299;327;3000.0;
-2816;0;4657;622;5744.0;
-1690;-652;5374;531;4898.0;
0;-978;7165;851;7874.0;
1126;326;7165;612;5656.0;
1690;2283;8240;757;7000.0;
2535;3262;6807;631;5830.0;
2535;1957;5374;612;5656.0;
3943;1631;4657;593;5477.0;
4225;-326;4299;667;6164.0;
5070;-1631;3941;552;5099.0;
5351;-3588;4657;693;6403.0;
4506;-5546;5374;757;7000.0;
3380;-4893;5374;485;4472.0;
2816;-3588;4657;531;4898.0;
1126;-4241;5374;717;6633.0;
1126;-2610;5016;552;5099.0;
3098;-1957;4299;816;7549.0;
4788;-2283;4657;667;6164.0;
5633;-326;3582;794;7348.0;
4788;978;4299;583;5385.0;
5633;978;3941;344;3162.0;
5633;0;3941;327;3000.0;
6478;-1957;2866;794;7348.0;
6196;-978;3224;361;3316.0;
6478;326;3224;448;4123.0;
7323;1305;2866;473;4358.0;
7886;1305;1791;392;3605.0;
8168;2610;0;701;6480.0;
7605;3262;1074;448;4123.0;
6196;4241;2866;830;7681.0;
5351;6198;3224;733;6782.0;
5915;7177;2508;448;4123.0;
5633;9135;2866;667;6164.0;
4225;10113;3941;709;6557.0;
3098;11745;4657;725;6708.0;
2535;10440;5732;583;5385.0;
1408;8482;6449;809;7483.0;
0;7177;7524;765;7071.0;
0;8156;6807;392;3605.0;
-1126;7830;6449;460;4242.0;
-1408;8808;5732;407;3741.0;
-1126;9461;6449;327;3000.0;
563;9787;6807;667;6164.0;
1126;7830;6807;684;6324.0;
2535;6525;5732;765;7071.0;
3661;6198;5016;497;4582.0;
4788;7830;3941;765;7071.0;
5915;5872;2866;844;7810.0;
7041;4893;1433;693;6403.0;
7041;6198;1074;448;4123.0;
7605;7177;0;509;4690.0;
7323;8482;0;448;4123.0;
7323;9461;0;327;3000.0;
6478;11092;0;631;5830.0;
5633;12723;0;631;5830.0;
5070;13376;358;327;3000.0;
4225;14355;0;473;4358.0;
2535;15333;0;725;6708.0;
1690;15660;0;344;3162.0;
563;15660;0;434;4000.0;
-1408;15007;0;787;7280.0;
-3098;14355;1074;757;7000.0;
-3380;14028;0;361;3316.0;
-4788;12723;0;693;6403.0;
-5633;11418;0;542;5000.0;
-5915;9135;1074;830;7681.0;
-5633;7177;2149;733;6782.0;
-5915;5546;2508;563;5196.0;
-4788;4893;3582;583;5385.0;
-3943;3262;4299;667;6164.0;
-3943;1305;4299;649;6000.0;
-2816;326;4657;552;5099.0;
-1971;0;5016;361;3316.0;
-563;-1305;6449;816;7549.0;
281;326;8240;830;7681.0;
-845;1957;8599;701;6480.0;
-1408;3588;7165;725;6708.0;
-281;3915;7524;460;4242.0;
845;3262;7165;497;4582.0;
1408;4241;6091;509;4690.0;
2535;3915;6091;448;4123.0;
2535;2610;6091;434;4000.0;
1971;1631;6091;392;3605.0;
2253;326;5016;552;5099.0;
2816;-326;4657;327;3000.0;
2535;-1957;4299;563;5196.0;
3380;-3915;5016;757;7000.0;
3661;-4893;5374;361;3316.0;
4788;-5220;5374;448;4123.0;
4788;-7503;5016;765;7071.0;
3943;-7830;5374;361;3316.0;
2816;-6198;6091;725;6708.0;
1971;-6198;6449;344;3162.0;
1408;-5546;6091;327;3000.0;
0;-5220;6449;563;5196.0;
-1971;-5220;6091;765;7071.0;
-1408;-6851;6449;593;5477.0;
0;-6198;6449;583;5385.0;
1690;-5872;6449;658;6082.0;
2816;-7503;6091;701;6480.0;
3380;-9787;5374;816;7549.0;
4225;-8482;5016;552;5099.0;
5633;-9135;3941;667;6164.0;
6478;-7177;2866;794;7348.0;
7323;-6198;1074;709;6557.0;
7886;-8156;0;757;7000.0;
7605;-7503;716;327;3000.0;
7323;-6198;1433;497;4582.0;
7886;-4241;0;809;7483.0;
7886;-2610;358;552;5099.0;
7041;-1305;2149;765;7071.0;
6478;-2936;2508;593;5477.0;
7041;-4241;2508;485;4472.0;
7041;-6525;2149;765;7071.0;
7323;-7503;1074;473;4358.0;
7605;-9787;0;830;7681.0;
6760;-11092;1074;631;5830.0;
6478;-12071;1433;361;3316.0;
6196;-14028;0;787;7280.0;
4506;-15660;358;851;7874.0;
3943;-14355;2508;809;7483.0;
4788;-13050;2866;552;5099.0;
6196;-11418;2149;794;7348.0;
5915;-10113;2866;497;4582.0;
5915;-8808;3224;448;4123.0;
6760;-7503;2149;631;5830.0;
6196;-6851;3582;531;4898.0;
6760;-6198;2866;377;3464.0;
7041;-7177;1791;473;4358.0;
7886;-7177;0;631;5830.0;
7886;-5220;0;649;6000.0;
7041;-4567;2508;851;7874.0;
6196;-6198;3941;765;7071.0;
5070;-6525;5016;552;5099.0;
5070;-7503;4657;344;3162.0;
3943;-7830;5374;497;4582.0;
3380;-10113;5016;794;7348.0;
1408;-10440;5732;794;7348.0;
1126;-12397;5374;667;6164.0;
0;-12071;5732;460;4242.0;
-1126;-13050;5016;583;5385.0;
281;-14681;3941;830;7681.0;
1126;-14681;3941;327;3000.0;
2535;-14355;3582;563;5196.0;
3661;-12723;4299;725;6708.0;
4506;-12723;3224;460;4242.0;
4788;-13376;2508;327;3000.0;
6196;-13376;716;765;7071.0;
7041;-12397;0;509;4690.0;
7323;-10440;716;693;6403.0;
6478;-10766;1791;473;4358.0;
5633;-10766;3224;542;5000.0;
5070;-10440;3941;327;3000.0;
4788;-9135;4299;460;4242.0;
5915;-7830;3582;649;6000.0;
6760;-7177;2149;583;5385.0;
7886;-6851;0;787;7280.0;
7886;-5220;0;542;5000.0;
7886;-4241;0;327;3000.0;
8168;-1957;0;765;7071.0;
8450;-652;0;448;4123.0;
7886;-326;1433;497;4582.0;
7041;-652;2508;473;4358.0;
6196;-978;3224;407;3741.0;
5070;978;4299;844;7810.0;
6478;1305;3582;593;5477.0;
7605;1957;2149;649;6000.0;
7886;-326;1433;794;7348.0;
7886;-2283;716;684;6324.0;
7886;-3588;0;485;4472.0;
7886;-4893;0;434;4000.0;
7886;-5872;0;327;3000.0;
7041;-6851;1791;709;6557.0;
7041;-5872;2149;344;3162.0;
6760;-5546;3224;361;3316.0;
5915;-3915;3941;667;6164.0;
5351;-4567;4657;377;3464.0;
3661;-4893;5374;693;6403.0;
2816;-6198;6091;583;5385.0;
1971;-5220;6091;460;4242.0;
2535;-4567;5016;448;4123.0;
3943;-3915;5016;583;5385.0;
5070;-2610;4657;622;5744.0;
5633;-326;3582;851;7874.0;
4506;0;4299;497;4582.0;
3098;-326;4299;552;5099.0;
2253;978;5374;631;5830.0;
1690;1305;6807;497;4582.0;
1408;3262;6807;658;6082.0;
-563;3915;6449;794;7348.0;
-1408;3588;7165;407;3741.0;
-845;3915;7882;327;3000.0;
0;4241;7524;361;3316.0;
1126;5546;6807;649;6000.0;
2253;4567;5374;693;6403.0;
2535;3588;5732;361;3316.0;
2535;2283;5732;434;4000.0;
1971;1631;6091;327;3000.0;
1690;978;6807;327;3000.0;
845;0;7524;509;4690.0;
-845;0;6807;684;6324.0;
-2535;326;5016;851;7874.0;
-2816;-652;4657;361;3316.0;
-3380;-2610;5016;693;6403.0;
-4788;-3915;5016;693;6403.0;
-6196;-4567;4299;622;5744.0;
-7323;-5220;2149;809;7483.0;
-7886;-4241;358;667;6164.0;
-8168;-2610;0;563;5196.0;
-8450;-978;0;552;5099.0;
-7886;-652;1074;407;3741.0;
-6478;-1631;2866;830;7681.0;
-6196;-326;3582;497;4582.0;
-4788;978;4299;725;6708.0;
-3661;-326;4657;622;5744.0;
-1690;0;5374;794;7348.0;
-1971;1957;5016;667;6164.0;
-3098;2936;4657;552;5099.0;
-2253;3915;4299;473;4358.0;
-2816;6198;5016;816;7549.0;
-1971;5872;5732;407;3741.0;
-1408;4241;5732;583;5385.0;
-3098;2936;4657;844;7810.0;
-1971;2283;5016;497;4582.0;
-1408;1305;6807;667;6164.0;
-281;-326;7524;725;6708.0;
845;0;7524;448;4123.0;
1126;1957;8957;787;7280.0;
-281;3262;9315;701;6480.0;
-1690;3588;7165;851;7874.0;
-1690;1631;5732;780;7211.0;
-845;0;7165;765;7071.0;
0;-978;7165;460;4242.0;
1126;-1957;5374;765;7071.0;
2535;-978;4657;667;6164.0;
2253;1305;5374;794;7348.0;
2816;3588;4657;816;7549.0;
3943;5546;4657;780;7211.0;
4788;6198;3941;448;4123.0;
4788;8808;3941;864;8000.0;
5070;10440;2866;640;5916.0;
5915;9787;2149;448;4123.0;
6196;8808;1791;361;3316.0;
7041;7830;1074;509;4690.0;
7605;6198;0;667;6164.0;
7605;4241;716;684;6324.0;
8168;2610;0;622;5744.0;
8450;1305;0;448;4123.0;
8168;652;1433;497;4582.0;
7323;1631;2508;563;5196.0;
6196;-326;3582;844;7810.0;
5070;-1957;4299;725;6708.0;
5351;-3915;4657;667;6164.0;
6478;-3588;3224;622;5744.0;
6760;-2610;2149;473;4358.0;
7041;-1305;2149;448;4123.0;
7886;0;1433;583;5385.0;
8450;-978;0;583;5385.0;
8168;-2936;0;658;6082.0;
7886;-4241;0;448;4123.0;
7886;-5872;0;542;5000.0;
7886;-8156;0;757;7000.0;
6760;-8482;2149;787;7280.0;
5633;-8482;3941;693;6403.0;
4788;-8808;4657;407;3741.0;
3943;-9461;5016;407;3741.0;
2816;-9461;5732;485;4472.0;
2816;-11092;5374;552;5099.0;
3661;-12723;4299;709;6557.0;
5070;-13376;2508;794;7348.0;
3661;-15007;2149;772;7141.0;
3380;-14355;2866;327;3000.0;
4225;-13050;3582;583;5385.0;
2816;-11745;5016;816;7549.0;
1408;-11745;5374;552;5099.0;
-281;-12071;5374;658;6082.0;
-1408;-13702;4657;725;6708.0;
-1971;-14681;3582;509;4690.0;
-3380;-14028;3224;593;5477.0;
-4225;-13702;3224;344;3162.0;
-4225;-12071;4299;631;5830.0;
-2816;-12071;5016;583;5385.0;
-1971;-9787;5732;851;7874.0;
-2816;-9461;5732;344;3162.0;
-4225;-7503;5374;851;7874.0;
-2816;-6198;6091;725;6708.0;
-2535;-7830;6091;552;5099.0;
-3943;-8482;5374;622;5744.0;
-4506;-10766;4299;851;7874.0;
-5351;-9787;3941;473;4358.0;
-6760;-8808;2149;830;7681.0;
-6760;-7177;2866;583;5385.0;
-7041;-4893;2866;765;7071.0;
-6196;-3588;3582;583;5385.0;
-5070;-2283;4657;693;6403.0;
-4788;-1305;4299;361;3316.0;
-3943;326;4299;631;5830.0;
-5351;1957;3941;772;7141.0;
-6760;2283;2866;640;5916.0;
-7605;0;2508;830;7681.0;
-8450;0;716;631;5830.0;
-8168;978;1433;407;3741.0;
-8168;2283;0;612;5656.0;
-7605;4567;0;787;7280.0;
-6478;4241;2149;787;7280.0;
-5351;4567;3582;622;5744.0;
-4788;3262;4299;531;4898.0;
-3098;3915;4299;684;6324.0;
-1971;5220;5016;649;6000.0;
-563;4567;6091;667;6164.0;
-1126;3588;7882;667;6164.0;
0;3915;8599;497;4582.0;
563;3915;7165;485;4472.0;
1971;3915;6807;552;5099.0;
2816;3915;4657;725;6708.0;
2816;2283;5016;552;5099.0;
3661;1305;4657;473;4358.0;
4225;-326;4299;593;5477.0;
3943;-2283;5016;693;6403.0;
2816;-2283;4299;485;4472.0;
1126;-1305;5374;794;7348.0;
0;-1305;6807;612;5656.0;
281;0;7882;552;5099.0;
1126;978;8240;473;4358.0;
845;3262;7165;830;7681.0;
0;3915;8599;583;5385.0;
-1408;3262;7524;667;6164.0;
-845;1305;8240;717;6633.0;
0;326;8240;460;4242.0;
-281;-326;7524;327;3000.0;
-563;-1305;6449;473;4358.0;
845;-2283;5374;709;6557.0;
1408;-1631;4657;377;3464.0;
2253;-2283;4299;407;3741.0;
3380;-3588;5016;649;6000.0;
4225;-3915;5016;344;3162.0;
5633;-4241;4299;593;5477.0;
7041;-4567;2508;772;7141.0;
6760;-3588;2508;344;3162.0;
6760;-1957;2508;542;5000.0;
7886;0;1433;844;7810.0;
8168;978;716;407;3741.0;
7886;2283;716;448;4123.0;
7323;4567;716;787;7280.0;
6760;5220;1791;448;4123.0;
5915;4893;3224;552;5099.0;
5915;3588;3582;448;4123.0;
5633;2610;3941;361;3316.0;
3661;2283;4657;794;7348.0;
2535;3915;6091;816;7549.0;
2253;5220;5732;460;4242.0;
1126;4893;6449;497;4582.0;
563;6851;7165;717;6633.0;
1126;8156;6449;531;4898.0;
-563;9787;6449;844;7810.0;
0;11745;5732;717;6633.0;
281;13702;5732;658;6082.0;
0;15007;5016;497;4582.0;
-1408;15333;3582;701;6480.0;
-2816;13376;3224;851;7874.0;
-3098;14355;1074;733;6782.0;
-2816;14355;0;344;3162.0;
-1971;15007;0;392;3605.0;
0;15660;0;787;7280.0;
1690;15333;0;658;6082.0;
3661;15007;0;765;7071.0;
3661;15007;1433;434;4000.0;
4225;14355;1791;327;3000.0;
4225;12723;3224;693;6403.0;
4225;11745;3582;344;3162.0;
5633;10113;2508;830;7681.0;
6196;10440;1433;407;3741.0;
5915;11745;1074;460;4242.0;
6196;11745;0;344;3162.0;
6760;10440;0;485;4472.0;
6196;8808;1791;794;7348.0;
5633;10113;2508;531;4898.0;
5070;10766;2866;327;3000.0;
3943;10766;4299;612;5656.0;
2816;12071;4657;622;5744.0;
1971;12723;5374;448;4123.0;
1126;14681;5374;725;6708.0;
281;15660;4299;563;5196.0;
-563;15333;4299;344;3162.0;
-1971;15007;2866;701;6480.0;
-2535;14681;2149;327;3000.0;
-2535;14681;0;649;6000.0;
-1690;15007;0;344;3162.0;
0;15660;0;684;6324.0;
1971;15333;0;765;7071.0;
2816;15333;1791;631;5830.0;
1408;15660;2866;640;5916.0;
-563;15660;3582;787;7280.0;
-845;15007;4299;327;3000.0;
-1971;13050;4299;780;7211.0;
-1126;11092;5732;844;7810.0;
-281;9135;6807;794;7348.0;
-1126;7830;6449;552;5099.0;
-2535;7830;5374;631;5830.0;
-3380;7503;4657;407;3741.0;
-4225;5546;3941;757;7000.0;
-5351;3915;3582;701;6480.0;
-6760;2936;2866;667;6164.0;
-6760;4567;1433;693;6403.0;
-7323;3915;716;377;3464.0;
-7605;4567;0;327;3000.0;
-7323;6525;0;658;6082.0;
-7041;7503;0;344;3162.0;
-5915;9135;716;725;6708.0;
-5633;11418;0;794;7348.0;
-4788;12397;358;473;4358.0;
-3943;14028;0;640;5916.0;
-2816;14681;0;485;4472.0;
-2253;15007;2508;794;7348.0;
-1690;14028;4657;757;7000.0;
0;13376;5732;757;7000.0;
1126;13050;5732;448;4123.0;
2816;13702;4657;757;7000.0;
1971;14355;5016;407;3741.0;
1126;14028;5732;407;3741.0;
-281;14028;5374;552;5099.0;
-1690;14028;4657;583;5385.0;
-2253;15007;2508;757;7000.0;
-3661;14028;716;830;7681.0;
-2816;14355;0;407;3741.0;
-1971;15007;0;392;3605.0;
0;15660;0;787;7280.0;
1690;15660;0;649;6000.0;
3380;15007;1074;757;7000.0;
3098;15007;3582;765;7071.0;
4225;13050;3224;787;7280.0;
5351;12071;2149;631;5830.0;
5351;11092;2508;344;3162.0;
5915;9787;2149;497;4582.0;
6196;7830;2508;667;6164.0;
5351;6198;3224;667;6164.0;
6478;5220;2149;631;5830.0;
7323;6525;358;765;7071.0;
7041;7830;716;460;4242.0;
7041;9787;0;684;6324.0;
6478;11092;0;485;4472.0;
5633;13050;358;733;6782.0;
5351;12071;2149;640;5916.0;
4506;11745;3224;473;4358.0;
4788;10766;3582;361;3316.0;
4506;9461;3941;460;4242.0;
5633;8482;2866;631;5830.0;
6196;6851;2149;622;5744.0;
5351;5546;3582;693;6403.0;
3943;6525;5016;765;7071.0;
4225;8156;4657;563;5196.0;
5633;8482;2866;772;7141.0;
5633;9787;2508;448;4123.0;
4225;11092;3941;816;7549.0;
3380;13376;4299;830;7681.0;
3661;12397;3941;361;3316.0;
4788;11418;3224;583;5385.0;
5070;12723;2149;552;5099.0;
5633;12723;0;684;6324.0;
6478;10766;716;757;7000.0;
5633;11418;1791;509;4690.0;
4788;13702;1791;823;7615.0;
4225;14355;2866;448;4123.0;
2535;15660;2149;809;7483.0;
2535;15333;3582;448;4123.0;
845;15660;3941;667;6164.0;
-563;15660;3582;552;5099.0;
-1690;15007;3224;497;4582.0;
-1971;13376;4299;640;5916.0;
-2816;12397;3582;509;4690.0;
-3380;11745;3224;327;3000.0;
-3380;10766;3582;344;3162.0;
-4225;8808;3224;733;6782.0;
-3380;7177;4657;765;7071.0;
-1690;7830;6091;809;7483.0;
-563;6851;7165;631;5830.0;
281;4567;6807;830;7681.0;
1690;3915;6091;622;5744.0;
2535;2283;5732;640;5916.0;
1690;978;6091;552;5099.0;
1408;326;6807;327;3000.0;
-281;0;7882;733;6782.0;
-563;-1631;6091;772;7141.0;
845;-1957;5732;563;5196.0;
1126;-4241;5374;772;7141.0;
2535;-4567;5016;563;5196.0;
3661;-6525;5732;809;7483.0;
4788;-5220;5374;622;5744.0;
5070;-6198;5016;361;3316.0;
3943;-7177;5732;583;5385.0;
3661;-8156;5374;361;3316.0;
4506;-9787;4657;667;6164.0;
5070;-10440;3941;377;3464.0;
5633;-11418;2866;509;4690.0;
5915;-13050;1074;772;7141.0;
7323;-11418;0;830;7681.0;
7605;-9787;0;552;5099.0;
7323;-8482;1433;622;5744.0;
6760;-9787;2149;531;4898.0;
5915;-9787;2866;392;3605.0;
5351;-11745;3224;693;6403.0;
6196;-11418;2149;473;4358.0;
7323;-12071;0;809;7483.0;
7605;-10113;0;658;6082.0;
6760;-9787;1791;640;5916.0;
6196;-11418;2149;593;5477.0;
5351;-13702;1791;830;7681.0;
4506;-15660;358;844;7810.0;
5351;-15333;0;361;3316.0;
6478;-13702;0;693;6403.0;
5915;-12723;1791;667;6164.0;
5915;-11092;2508;583;5385.0;
7041;-10440;1074;649;6000.0;
7886;-8482;0;794;7348.0;
7886;-7503;0;327;3000.0;
7041;-6851;1791;667;6164.0;
7041;-7830;1791;327;3000.0;
6196;-9135;2866;631;5830.0;
5633;-9787;3582;377;3464.0;
4225;-8482;5016;816;7549.0;
3098;-7177;6091;693;6403.0;
4225;-6851;5732;460;4242.0;
5915;-6198;4299;809;7483.0;
6760;-6525;2508;640;5916.0;
7041;-5220;2866;460;4242.0;
5915;-3915;3941;693;6403.0;
6478;-2283;2508;725;6708.0;
6478;-3262;2866;344;3162.0;
7323;-5220;1433;844;7810.0;
7886;-3915;358;583;5385.0;
8168;-1957;0;667;6164.0;
7323;-978;1791;709;6557.0;
8168;0;1074;509;4690.0;
8450;0;0;344;3162.0;
8450;1305;0;434;4000.0;
7886;3262;358;693;6403.0;
6760;4567;2149;816;7549.0;
6760;6198;1433;583;5385.0;
6478;7503;1791;460;4242.0;
6478;8482;1791;327;3000.0;
7323;9135;0;667;6164.0;
6760;9461;716;327;3000.0;
6196;11092;358;593;5477.0;
5633;12723;0;593;5477.0;
5070;12723;2149;684;6324.0;
5633;10766;2149;684;6324.0;
5915;8808;2508;667;6164.0;
5070;9135;3582;473;4358.0;
4788;7830;3941;460;4242.0;
4788;5872;3941;649;6000.0;
3380;4241;4299;772;7141.0;
3661;3262;4657;361;3316.0;
5070;3262;4299;552;5099.0;
5070;1957;4299;434;4000.0;
3661;326;4299;765;7071.0;
2253;-652;4657;640;5916.0;
1690;978;6091;725;6708.0;
2253;2610;7524;725;6708.0;
845;3262;7165;593;5477.0;
1408;4241;6091;509;4690.0;
2535;4893;5016;583;5385.0;
2816;3588;4657;460;4242.0;
3098;1631;4657;658;6082.0;
3661;-326;4299;693;6403.0;
5070;-1957;4299;765;7071.0;
4225;-2283;5016;407;3741.0;
2816;-3588;4657;701;6480.0;
1408;-2610;4657;631;5830.0;
1971;-1957;4299;327;3000.0;
1971;-652;5016;485;4472.0;
845;0;7165;809;7483.0;
1126;1631;8957;772;7141.0;
563;3915;8240;816;7549.0;
-845;3915;7882;552;5099.0;
-845;1957;8599;684;6324.0;
-845;326;7524;631;5830.0;
0;326;8240;392;3605.0;
1690;1305;7165;794;7348.0;
845;3588;6807;830;7681.0;
-281;3915;7882;552;5099.0;
-1408;3915;6091;693;6403.0;
-2253;2936;4657;631;5830.0;
-1690;2283;5732;448;4123.0;
-1408;3588;7165;622;5744.0;
0;3915;8599;701;6480.0;
845;3588;8957;361;3316.0;
1408;1631;7882;757;7000.0;
2535;2283;5732;809;7483.0;
3098;2936;4657;448;4123.0;
2535;4241;5016;497;4582.0;
2535;6525;5732;787;7280.0;
1126;5546;6807;709;6557.0;
0;4241;7524;649;6000.0;
1690;2936;8599;844;7810.0;
1971;3915;6807;640;5916.0;
2535;3915;5374;485;4472.0;
2535;5546;5374;542;5000.0;
2253;6851;6449;552;5099.0;
2253;7830;6091;344;3162.0;
2816;9787;5374;717;6633.0;
1126;11418;5732;851;7874.0;
-281;9787;6807;830;7681.0;
1126;8156;6449;772;7141.0;
1408;6525;6807;563;5196.0;
-281;4893;6449;851;7874.0;
-281;3915;7524;460;4242.0;
563;3915;7165;344;3162.0;
1971;3262;7882;622;5744.0;
2535;2936;7165;327;3000.0;
2253;3262;5016;667;6164.0;
2535;4893;5016;552;5099.0;
2253;6851;6449;787;7280.0;
1126;8156;6449;612;5656.0;
-845;7177;6807;830;7681.0;
-281;4893;6449;794;7348.0;
1126;3588;7524;765;7071.0;
563;1957;9315;794;7348.0;
845;978;8599;407;3741.0;
0;-326;7524;631;5830.0;
-1408;978;6091;816;7549.0;
-1408;-326;5732;448;4123.0;
-845;-652;6807;407;3741.0;
281;-2283;6091;725;6708.0;
1126;-2283;5016;460;4242.0;
1408;-3588;4657;460;4242.0;
2535;-4893;5374;649;6000.0;
4506;-5872;5732;830;7681.0;
5351;-3915;4657;794;7348.0;
5070;-1957;4299;667;6164.0;
4788;326;4299;765;7071.0;
6196;0;3582;593;5477.0;
6478;-2283;2508;830;7681.0;
7323;-4567;1791;851;7874.0;
7041;-5872;2149;460;4242.0;
6478;-7177;2866;531;4898.0;
6760;-9461;1791;830;7681.0;
7605;-11092;0;830;7681.0;
7041;-10766;716;327;3000.0;
7323;-9135;1074;563;5196.0;
7886;-6851;0;851;7874.0;
7323;-5872;1433;583;5385.0;
6478;-5220;3941;851;7874.0;
5351;-5546;5016;552;5099.0;
4788;-3588;5016;684;6324.0;
3380;-3588;5016;542;5000.0;
2816;-4893;5374;497;4582.0;
1690;-6851;6449;844;7810.0;
1971;-8156;6449;448;4123.0;
2816;-9787;5374;709;6557.0;
4225;-8482;5016;701;6480.0;
5915;-7830;3582;809;7483.0;
6760;-7503;2508;473;4358.0;
7605;-6851;358;757;7000.0;
7886;-8482;0;563;5196.0;
7323;-8808;716;327;3000.0;
6478;-8156;2866;757;7000.0;
5915;-9135;3224;407;3741.0;
5915;-10440;2866;448;4123.0;
5633;-12397;2508;667;6164.0;
4506;-14028;2508;693;6403.0;
3380;-14028;3582;542;5000.0;
3098;-14681;2866;327;3000.0;
3661;-15007;2149;327;3000.0;
3943;-15660;716;497;4582.0;
5351;-15333;0;593;5477.0;
5633;-14355;716;407;3741.0;
5351;-13702;1791;407;3741.0;
5633;-12071;2508;593;5477.0;
4506;-12397;3582;552;5099.0;
3943;-11418;4657;509;4690.0;
2816;-12071;5016;497;4582.0;
1126;-12723;5374;693;6403.0;
-281;-11092;5732;772;7141.0;
563;-11418;5732;344;3162.0;
1971;-12071;5374;593;5477.0;
3098;-12397;4657;497;4582.0;
3380;-11418;5016;361;3316.0;
4225;-11092;4299;407;3741.0;
5915;-11092;2508;844;7810.0;
6196;-9135;2866;667;6164.0;
7323;-9461;1074;701;6480.0;
7886;-8482;0;509;4690.0;
7605;-7177;716;497;4582.0;
7041;-6851;1791;407;3741.0;
7041;-5546;2866;542;5000.0;
5633;-5220;4657;772;7141.0;
5070;-3588;4657;583;5385.0;
4225;-3262;5374;407;3741.0;
3661;-2610;5016;327;3000.0;
3943;-1631;4657;361;3316.0;
4788;326;4299;733;6782.0;
6196;326;3582;583;5385.0;
5915;-1305;3224;563;5196.0;
4788;-2610;5016;816;7549.0;
3098;-3588;5016;725;6708.0;
1690;-4241;5016;583;5385.0;
845;-3262;5374;473;4358.0;
-563;-2610;5732;593;5477.0;
0;-1305;6807;583;5385.0;
1126;652;7524;809;7483.0;
1690;1631;7165;407;3741.0;
1971;3262;7882;593;5477.0;
563;3915;7165;622;5744.0;
0;4893;6449;448;4123.0;
-1408;5872;6091;640;5916.0;
-2535;7830;5374;809;7483.0;
-1690;9461;5732;640;5916.0;
-563;9135;6807;552;5099.0;
-1126;7503;6807;583;5385.0;
-2253;6851;5732;583;5385.0;
-3098;4893;4299;844;7810.0;
-1971;4241;4657;497;4582.0;
-1408;3915;6091;497;4582.0;
-281;4567;6449;497;4582.0;
563;3915;7165;448;4123.0;
1971;2936;8240;709;6557.0;
1408;2610;8957;327;3000.0;
-563;2936;8957;765;7071.0;
0;1957;9315;407;3741.0;
1126;1631;8957;460;4242.0;
2253;2610;7524;693;6403.0;
1690;1631;7524;392;3605.0;
1408;0;6449;640;5916.0;
563;-978;7165;509;4690.0;
-563;-326;7165;485;4472.0;
0;652;8599;583;5385.0;
1126;978;8240;460;4242.0;
1690;1305;6807;497;4582.0;
2535;3588;6449;830;7681.0;
2253;4567;5374;473;4358.0;
3661;4567;4299;631;5830.0;
3943;3262;4657;460;4242.0;
3098;2936;4657;344;3162.0;
2253;3262;5016;361;3316.0;
1408;3915;6449;583;5385.0;
1126;6198;6807;772;7141.0;
0;7177;7165;552;5099.0;
845;7503;7165;344;3162.0;
1971;6525;6449;583;5385.0;
3098;8156;5374;765;7071.0;
4506;7177;4299;709;6557.0;
3943;5872;4657;497;4582.0;
2535;4241;5016;772;7141.0;
2535;2283;6449;780;7211.0;
2816;978;5016;622;5744.0;
3661;1305;4657;361;3316.0;
4506;1957;4299;407;3741.0;
5351;3915;3941;733;6782.0;
6760;2936;2866;709;6557.0;
7886;1631;1433;749;6928.0;
8450;-326;0;809;7483.0;
7605;-978;1433;583;5385.0;
6760;-1305;2508;473;4358.0;
5070;-326;3941;844;7810.0;
3661;-1305;4299;640;5916.0;
1971;-978;4657;667;6164.0;
1126;-978;5732;460;4242.0;
0;-1305;6807;552;5099.0;
-845;-2610;5374;693;6403.0;
0;-3915;6091;583;5385.0;
0;-4893;6449;344;3162.0;
563;-5872;6449;392;3605.0;
1126;-7503;6449;583;5385.0;
1408;-9461;6091;667;6164.0;
1971;-11418;5374;717;6633.0;
0;-12071;5732;794;7348.0;
-1971;-12071;5374;765;7071.0;
-1971;-10766;5374;434;4000.0;
-2816;-9787;5374;460;4242.0;
-2816;-7830;6091;684;6324.0;
-1690;-8156;6091;448;4123.0;
-1690;-9787;5732;552;5099.0;
-3380;-10440;5016;717;6633.0;
-5351;-9787;3941;851;7874.0;
-6760;-8808;2149;830;7681.0;
-7886;-7503;358;816;7549.0;
-7323;-6525;1433;509;4690.0;
-7323;-5546;1791;344;3162.0;
-7041;-3262;2149;772;7141.0;
-7323;-1305;1791;667;6164.0;
-7886;326;1791;583;5385.0;
-6760;1957;2866;765;7071.0;
-6196;2283;3582;327;3000.0;
-4788;2936;4299;622;5744.0;
-3943;1631;4657;552;5099.0;
-4788;-652;4299;830;7681.0;
-5070;652;4299;448;4123.0;
-5915;2936;3582;851;7874.0;
-7323;3262;1433;851;7874.0;
-6478;4893;1791;640;5916.0;
-6478;6198;1433;448;4123.0;
-5633;7503;2149;583;5385.0;
-5070;6851;2866;377;3464.0;
-3380;6525;4657;851;7874.0;
-2535;7503;5732;563;5196.0;
-563;8156;6449;816;7549.0;
563;7177;7524;631;5830.0;
1971;7177;6807;583;5385.0;
2253;8482;5732;552;5099.0;
1126;10113;6449;725;6708.0;
-563;9135;6807;733;6782.0;
-1408;9787;6091;448;4123.0;
-1971;10440;5374;377;3464.0;
-2535;10113;4657;327;3000.0;
-3098;10766;3941;377;3464.0;
-3943;10113;3224;448;4123.0;
-4506;11092;2149;509;4690.0;
-4788;12397;358;701;6480.0;
-5351;11745;0;327;3000.0;
-6196;9787;0;725;6708.0;
-6760;8482;0;485;4472.0;
-7323;6525;0;684;6324.0;
-5915;6198;1791;772;7141.0;
-6196;4567;2508;593;5477.0;
-5633;3588;3582;509;4690.0;
-3943;3262;4299;693;6403.0;
-4225;4567;3941;460;4242.0;
-5070;3915;3941;392;3605.0;
-6196;3915;2866;542;5000.0;
-6760;1957;2866;684;6324.0;
-7886;1305;1433;649;6000.0;
-7886;2936;358;631;5830.0;
-7323;3262;1433;407;3741.0;
-6478;5220;1433;725;6708.0;
-6478;4241;2149;392;3605.0;
-5915;2936;3582;649;6000.0;
-5351;3915;3582;392;3605.0;
-4506;5546;3582;631;5830.0;
-5351;5872;2508;473;4358.0;
-6478;6198;1074;622;5744.0;
-6760;8156;0;733;6782.0;
-6196;10113;0;684;6324.0;
-5633;10766;358;327;3000.0;
-5351;11745;0;361;3316.0;
-4788;13050;0;485;4472.0;
-3380;14028;1791;830;7681.0;
-2535;14681;0;667;6164.0;
-3380;14355;0;344;3162.0;
-4225;13702;0;392;3605.0;
-4506;13050;716;327;3000.0;
-4506;11745;1433;485;4472.0;
-5351;10440;1074;552;5099.0;
-6196;8156;1074;823;7615.0;
-6760;5872;1074;787;7280.0;
-7041;3588;1791;794;7348.0;
-7886;3588;0;631;5830.0;
-7605;4567;0;344;3162.0;
-6760;4567;1433;542;5000.0;
-6478;6198;1074;563;5196.0;
-5633;7177;2149;563;5196.0;
-4788;9461;2508;830;7681.0;
-4506;10440;2508;344;3162.0;
-3098;11745;3582;765;7071.0;
-1690;13050;4657;765;7071.0;
-1971;15007;2866;851;7874.0;
-563;15660;3582;622;5744.0;
563;15660;3224;448;4123.0;
2535;15660;2508;787;7280.0;
3661;14681;3224;583;5385.0;
3943;14681;1791;448;4123.0;
4788;14028;0;667;6164.0;
5915;12071;1074;844;7810.0;
5070;12723;2149;509;4690.0;
4225;14355;2866;667;6164.0;
3943;14681;1791;361;3316.0;
3380;15333;1433;327;3000.0;
1690;15660;2866;787;7280.0;
2253;14681;4657;667;6164.0;
2253;12723;5374;684;6324.0;
1408;10440;6091;851;7874.0;
2816;9461;5374;667;6164.0;
3661;9461;4657;392;3605.0;
5351;9461;3224;780;7211.0;
6196;8808;2149;509;4690.0;
6196;7830;2149;327;3000.0;
5070;6525;3582;749;6928.0;
3661;6198;5016;701;6480.0;
4225;6851;4657;327;3000.0;
5070;8156;3582;631;5830.0;
6478;8156;1791;765;7071.0;
7041;8808;358;531;4898.0;
7605;8156;0;327;3000.0;
7323;5872;716;794;7348.0;
7041;4567;1791;552;5099.0;
5633;4241;3582;772;7141.0;
4225;2610;4657;830;7681.0;
2816;4567;4657;844;7810.0;
2535;3915;5374;327;3000.0;
1971;1957;6807;809;7483.0;
2535;1957;5374;485;4472.0;
2535;3915;5374;649;6000.0;
2535;4893;5016;344;3162.0;
3943;5546;4657;593;5477.0;
5351;5872;3582;640;5916.0;
4788;7177;3941;497;4582.0;
5633;9135;2866;794;7348.0;
5070;10766;2866;583;5385.0;
5633;12397;1074;794;7348.0;
6760;11092;0;693;6403.0;
7041;8808;358;772;7141.0;
7605;8156;0;327;3000.0;
7605;5872;0;757;7000.0;
7323;4567;716;497;4582.0;
7886;3262;358;497;4582.0;
8450;1631;0;593;5477.0;
8450;0;0;542;5000.0;
7605;-978;1433;631;5830.0;
7605;-3262;1074;765;7071.0;
6478;-3588;3224;787;7280.0;
5633;-2936;4299;509;4690.0;
4506;-1957;4657;552;5099.0;
3380;-978;4299;552;5099.0;
3943;1305;4657;794;7348.0;
5633;1957;3941;717;6633.0;
6760;1957;3224;485;4472.0;
6478;3262;3224;448;4123.0;
5915;5220;2866;693;6403.0;
5915;6198;2866;327;3000.0;
5915;7177;2508;344;3162.0;
6478;7503;1791;327;3000.0;
7041;8482;358;583;5385.0;
6760;9135;1074;327;3000.0;
5633;10766;2149;765;7071.0;
4788;9787;3582;631;5830.0;
3380;9787;5016;693;6403.0;
2816;12071;4657;794;7348.0;
1126;11418;5732;757;7000.0;
-281;11745;5732;552;5099.0;
-1126;9787;6449;757;7000.0;
281;9135;7165;622;5744.0;
281;8156;6807;344;3162.0;
281;5872;6807;757;7000.0;
1690;5872;6449;552;5099.0;
1690;3915;6091;658;6082.0;
3098;3588;4657;701;6480.0;
3661;1305;4657;787;7280.0;
4225;-652;4299;693;6403.0;
3380;-978;4299;344;3162.0;
1408;-978;5374;823;7615.0;
563;-3262;5374;823;7615.0;
0;-4893;6449;667;6164.0;
0;-7177;6449;757;7000.0;
563;-8482;6091;497;4582.0;
1971;-9461;5732;640;5916.0;
1971;-11745;5374;765;7071.0;
2253;-13376;4657;593;5477.0;
2253;-14681;3582;542;5000.0;
1126;-14681;3582;434;4000.0;
281;-14355;4299;407;3741.0;
-1408;-13702;4657;693;6403.0;
-1408;-14681;3941;392;3605.0;
-1971;-15986;2149;725;6708.0;
-3098;-15660;1791;460;4242.0;
-3943;-15660;1433;344;3162.0;
-4788;-14028;2149;667;6164.0;
-5351;-12397;2866;622;5744.0;
-6196;-12397;1433;542;5000.0;
-5915;-14028;358;640;5916.0;
-5351;-15333;0;497;4582.0;
-3943;-15660;1433;701;6480.0;
-1971;-15986;2508;830;7681.0;
-2253;-15007;3224;407;3741.0;
-3098;-13702;3941;583;5385.0;
-3098;-11745;5016;725;6708.0;
-3098;-10440;5374;448;4123.0;
-1126;-9787;5732;794;7348.0;
563;-11092;5732;780;7211.0;
1971;-10440;5732;583;5385.0;
2816;-10766;5374;361;3316.0;
3380;-11418;5016;327;3000.0;
4506;-11092;4299;497;4582.0;
5351;-9461;3941;640;5916.0;
5915;-8808;3224;377;3464.0;
6760;-9461;2149;509;4690.0;
7323;-10440;716;583;5385.0;
7605;-9461;0;407;3741.0;
7323;-8808;716;327;3000.0;
6760;-8482;2149;497;4582.0;
6760;-9461;2149;327;3000.0;
5915;-10440;2866;509;4690.0;
5070;-11418;3582;509;4690.0;
4506;-10113;4299;531;4898.0;
3380;-8482;5732;816;7549.0;
4225;-8482;5016;392;3605.0;
4788;-9135;4299;377;3464.0;
5351;-11418;3224;851;7874.0;
6196;-12071;1791;583;5385.0;
7323;-11092;0;765;7071.0;
7323;-9461;1074;631;5830.0;
6760;-10113;1433;327;3000.0;
5633;-11092;2866;693;6403.0;
4225;-11092;4299;693;6403.0;
4225;-9461;4657;552;5099.0;
3380;-7503;5732;794;7348.0;
2253;-8482;6091;552;5099.0;
2816;-9461;5732;407;3741.0;
3380;-10113;5016;377;3464.0;
3380;-11418;5016;434;4000.0;
2535;-11745;5374;361;3316.0;
1971;-10766;5732;407;3741.0;
2253;-9461;5732;448;4123.0;
1408;-8808;6091;407;3741.0;
563;-8808;6091;327;3000.0;
563;-10113;6091;434;4000.0;
2535;-11092;5374;851;7874.0;
4225;-10766;4299;733;6782.0;
5915;-11092;2508;851;7874.0;
5070;-13376;2508;823;7615.0;
5633;-14028;1074;531;4898.0;
6760;-12723;358;649;6000.0;
7041;-10440;1074;794;7348.0;
5633;-11092;2866;794;7348.0;
4506;-10766;4299;622;5744.0;
4225;-8808;4657;667;6164.0;
3380;-8482;5732;473;4358.0;
2253;-9461;5732;542;5000.0;
563;-8808;6091;693;6403.0;
845;-7830;6449;361;3316.0;
2535;-7177;6449;684;6324.0;
2253;-8156;6091;361;3316.0;
1408;-10440;5732;830;7681.0;
2816;-11745;5016;725;6708.0;
4506;-11418;3941;733;6782.0;
4225;-9461;4657;693;6403.0;
5351;-8156;4299;622;5744.0;
6196;-8808;3224;509;4690.0;
5351;-10113;3582;552;5099.0;
4506;-12397;3582;823;7615.0;
3943;-12071;4299;327;3000.0;
1971;-11418;5374;851;7874.0;
1126;-12397;5374;460;4242.0;
1408;-14355;3941;787;7280.0;
2816;-15333;2508;765;7071.0;
3380;-15986;1433;448;4123.0;
4506;-15660;358;552;5099.0;
6196;-14355;0;787;7280.0;
5351;-14355;1074;460;4242.0;
5351;-13376;2149;460;4242.0;
5351;-11418;3224;725;6708.0;
4225;-11745;4299;552;5099.0;
2535;-12071;5016;693;6403.0;
2535;-11092;5374;344;3162.0;
1690;-10113;5732;473;4358.0;
1126;-8808;6091;497;4582.0;
0;-7830;6449;552;5099.0;
-845;-6525;6449;542;5000.0;
-1408;-4567;5732;717;6633.0;
-1126;-2936;4657;640;5916.0;
-1408;-652;5374;794;7348.0;
-1690;652;5732;460;4242.0;
-1971;2610;5374;667;6164.0;
-1408;2610;7524;684;6324.0;
0;4241;7524;765;7071.0;
1126;2936;8957;749;6928.0;
-281;2283;9315;593;5477.0;
-1126;2936;8240;509;4690.0;
-1971;2610;6091;733;6782.0;
-1408;3915;6091;485;4472.0;
-2253;5220;5016;631;5830.0;
-3380;6198;4299;583;5385.0;
-4506;7503;3224;693;6403.0;
-3943;8808;3941;531;4898.0;
-3380;10113;4299;497;4582.0;
-1690;9461;5732;809;7483.0;
-1971;10440;5374;361;3316.0;
-1408;12397;5016;693;6403.0;
281;12397;5732;684;6324.0;
1690;13050;5732;583;5385.0;
2253;15007;4299;809;7483.0;
1408;15660;3582;448;4123.0;
-563;15660;3582;757;7000.0;
-281;15007;4657;407;3741.0;
1126;14681;5374;593;5477.0;
2816;13702;4657;757;7000.0;
3661;13702;3941;392;3605.0;
4788;11745;2866;844;7810.0;
5070;10766;2866;344;3162.0;
5070;8808;3582;684;6324.0;
4225;7830;4657;563;5196.0;
2816;8482;5016;593;5477.0;
1408;8156;6449;701;6480.0;
281;8156;6807;448;4123.0;
-281;6198;7165;693;6403.0;
0;4241;7524;667;6164.0;
-1126;2936;8240;649;6000.0;
-1971;3588;6449;667;6164.0;
-1690;5220;5374;640;5916.0;
-281;5546;6807;701;6480.0;
563;7177;7524;667;6164.0;
563;8808;6807;583;5385.0;
2535;9461;5732;851;7874.0;
1971;11745;5374;794;7348.0;
0;11418;6091;794;7348.0;
-1690;9787;5732;851;7874.0;
-3380;8482;4657;844;7810.0;
-4225;6525;3582;794;7348.0;
-3098;5872;4657;583;5385.0;
-2816;7177;5374;497;4582.0;
-1971;6851;6091;407;3741.0;
-1408;7830;6449;407;3741.0;
-563;7177;7165;448;4123.0;
1126;8156;6449;757;7000.0;
281;8156;6807;344;3162.0;
-1126;6198;6449;851;7874.0;
-1408;3915;6091;772;7141.0;
-1408;3262;7524;485;4472.0;
-1126;2283;7882;361;3316.0;
-563;978;8240;497;4582.0;
-281;1631;8957;327;3000.0;
845;3588;8599;787;7280.0;
0;4241;7524;509;4690.0;
-1690;3915;6091;787;7280.0;
-1690;6525;6091;864;8000.0;
-845;7830;6807;583;5385.0;
-281;9135;6807;485;4472.0;
1126;10113;6449;640;5916.0;
2535;10440;5732;593;5477.0;
2816;9461;5374;361;3316.0;
3943;9787;4299;552;5099.0;
4788;7830;3941;733;6782.0;
5915;8808;2508;693;6403.0;
6196;7503;2149;460;4242.0;
6196;6525;2508;344;3162.0;
7041;4893;1433;709;6557.0;
7323;2936;1791;667;6164.0;
7886;1957;1074;448;4123.0;
8450;326;0;667;6164.0;
8168;326;1074;344;3162.0;
7886;978;1791;327;3000.0;
7041;3262;2508;851;7874.0;
5633;4241;3582;709;6557.0;
5070;6525;3582;787;7280.0;
6196;6851;2149;622;5744.0;
6478;9135;1433;794;7348.0;
5915;8808;2508;407;3741.0;
5070;6851;3941;844;7810.0;
5351;7503;3224;327;3000.0;
6760;7503;1433;765;7071.0;
7041;8808;358;552;5099.0;
7605;8156;0;327;3000.0;
7605;6851;0;434;4000.0;
6760;6525;1791;640;5916.0;
7041;5220;1433;460;4242.0;
6196;3915;3224;765;7071.0;
5633;2610;3941;531;4898.0;
5915;1631;3941;344;3162.0;
6196;326;3582;460;4242.0;
6196;-1957;3224;765;7071.0;
6760;-3915;2866;693;6403.0;
7323;-5872;1433;809;7483.0;
7605;-7503;716;593;5477.0;
7605;-8482;358;344;3162.0;
7605;-9787;358;434;4000.0;
7041;-10440;1074;377;3464.0;
6760;-12071;1074;552;5099.0;
5351;-13050;2508;765;7071.0;
5915;-12723;1791;327;3000.0;
6760;-12397;358;552;5099.0;
7323;-11745;0;327;3000.0;
7605;-10113;0;552;5099.0;
7323;-8482;1433;701;6480.0;
6760;-8156;2508;407;3741.0;
6760;-5872;3224;787;7280.0;
5633;-6851;4657;693;6403.0;
5915;-5872;4657;344;3162.0;
7041;-5220;2508;809;7483.0;
7886;-4567;0;851;7874.0;
7886;-3588;0;327;3000.0;
8168;-2610;0;344;3162.0;
8450;-1305;0;448;4123.0;
7886;-978;1074;407;3741.0;
7323;-652;2149;407;3741.0;
6196;652;3941;816;7549.0;
5915;2610;3941;658;6082.0;
6760;2936;3224;407;3741.0;
7323;2283;2508;377;3464.0;
7323;1305;2866;344;3162.0;
7041;-652;2508;667;6164.0;
5633;-1305;3582;667;6164.0;
5070;-326;3941;407;3741.0;
3661;0;4299;563;5196.0;
2816;-326;4657;361;3316.0;
1971;1305;5732;709;6557.0;
1408;0;6091;497;4582.0;
1126;-1305;5374;497;4582.0;
1408;-3588;4657;794;7348.0;
3098;-4567;5016;733;6782.0;
3661;-6851;5732;816;7549.0;
2816;-8482;6091;640;5916.0;
2253;-10440;5732;693;6403.0;
1971;-12723;5016;794;7348.0;
1126;-14681;3582;844;7810.0;
1971;-14355;3941;361;3316.0;
1971;-12723;5016;631;5830.0;
1126;-11745;5374;473;4358.0;
2253;-10440;5732;622;5744.0;
2816;-11745;5016;531;4898.0;
4225;-11092;4299;622;5744.0;
4788;-9135;4299;684;6324.0;
4225;-7177;5374;757;7000.0;
2253;-7830;6449;851;7874.0;
1408;-9135;6091;552;5099.0;
-281;-10766;5732;851;7874.0;
-2253;-11418;5374;794;7348.0;
-1690;-10440;5732;407;3741.0;
-1690;-9461;5732;327;3000.0;
-1690;-7503;6449;684;6324.0;
-1971;-5220;6091;772;7141.0;
-3943;-4567;5016;851;7874.0;
-3943;-6198;5732;583;5385.0;
-2816;-7830;6091;701;6480.0;
-1408;-7177;6449;593;5477.0;
-1690;-5220;6091;667;6164.0;
-1971;-3915;5016;552;5099.0;
-1408;-2283;4657;593;5477.0;
-563;-978;6807;844;7810.0;
1408;-652;5732;830;7681.0;
2816;0;4657;667;6164.0;
2535;1957;5374;693;6403.0;
2816;3588;4657;593;5477.0;
1690;5220;6091;816;7549.0;
563;3915;7882;816;7549.0;
-845;3915;7882;542;5000.0;
-1126;2936;8599;407;3741.0;
281;1631;9315;725;6708.0;
1126;978;8240;509;4690.0;
1408;326;6807;497;4582.0;
1971;1305;5732;509;4690.0;
2535;2936;7165;725;6708.0;
1971;2936;8240;392;3605.0;
1126;3588;7524;448;4123.0;
1971;3915;6807;407;3741.0;
2816;2283;5016;830;7681.0;
2816;652;4657;552;5099.0;
4225;978;4299;563;5196.0;
6196;326;3582;816;7549.0;
7886;0;2149;787;7280.0;
7323;1305;2508;497;4582.0;
7886;1631;1433;407;3741.0;
8450;1631;0;485;4472.0;
8450;0;0;542;5000.0;
8168;-1631;0;552;5099.0;
8168;-3262;0;542;5000.0;
7886;-5546;0;765;7071.0;
7605;-7177;716;593;5477.0;
6760;-6851;2866;733;6782.0;
6478;-8156;2866;448;4123.0;
6760;-9787;2149;593;5477.0;
7605;-9787;0;725;6708.0;
7323;-11092;0;448;4123.0;
7323;-12071;0;327;3000.0;
6760;-12071;1074;392;3605.0;
5633;-13376;1791;649;6000.0;
4506;-14355;2149;552;5099.0;
3661;-15660;1074;631;5830.0;
1971;-15660;2149;725;6708.0;
845;-14681;3941;765;7071.0;
1971;-12723;5016;844;7810.0;
563;-12071;5732;622;5744.0;
-563;-12397;5374;460;4242.0;
-1126;-10766;5732;593;5477.0;
-2253;-11418;5374;497;4582.0;
-3098;-10440;5374;460;4242.0;
-3661;-8156;5732;794;7348.0;
-3661;-7177;5732;327;3000.0;
-4788;-6198;5374;552;5099.0;
-4788;-5220;5016;344;3162.0;
-5633;-4893;4657;361;3316.0;
-5915;-5872;4657;344;3162.0;
-5633;-7177;4299;460;4242.0;
-4788;-7503;5016;407;3741.0;
-4506;-6198;5374;460;4242.0;
-3098;-4241;5016;851;7874.0;
-3380;-2936;5016;448;4123.0;
-2253;-1957;4299;583;5385.0;
-2816;0;4657;693;6403.0;
-3098;1305;4657;448;4123.0;
-4225;1305;4299;448;4123.0;
-5633;326;3941;640;5916.0;
-6478;326;3582;344;3162.0;
-7041;1305;3224;407;3741.0;
-7886;652;1791;583;5385.0;
-8168;2610;0;851;7874.0;
-7605;4893;0;787;7280.0;
-7323;6198;0;448;4123.0;
-6760;8482;0;787;7280.0;
-5633;8808;1433;622;5744.0;
-4225;9135;3224;772;7141.0;
-4788;8482;2866;327;3000.0;
-5633;6198;2149;851;7874.0;
-6478;5220;1433;509;4690.0;
-7605;4567;0;649;6000.0;
-7886;3262;0;448;4123.0;
-7323;2283;2149;757;7000.0;
-6478;4241;2149;725;6708.0;
-7041;4241;1074;392;3605.0;
-8168;2610;0;765;7071.0;
-8450;652;0;658;6082.0;
-8450;-1305;0;649;6000.0;
-7605;-2283;1074;563;5196.0;
-7886;-3915;716;563;5196.0;
-7323;-6198;1791;851;7874.0;
-6478;-8156;2866;794;7348.0;
-6760;-9461;2149;497;4582.0;
-7886;-10113;0;809;7483.0;
-7886;-8808;0;434;4000.0;
-7323;-9135;1074;407;3741.0;
-6760;-11418;1433;794;7348.0;
-5915;-13050;1433;631;5830.0;
-5070;-13376;2866;552;5099.0;
-4506;-14028;2508;327;3000.0;
-3661;-15333;1791;583;5385.0;
-1971;-15333;2866;725;6708.0;
-1126;-15333;3224;344;3162.0;
-845;-14681;3941;327;3000.0;
-1690;-13376;4657;583;5385.0;
-1126;-11745;5374;622;5744.0;
-281;-12397;5374;392;3605.0;
0;-14028;4657;593;5477.0;
845;-14681;3941;448;4123.0;
2253;-15007;3224;593;5477.0;
1971;-15660;2149;407;3741.0;
3098;-15986;1433;497;4582.0;
3943;-15660;1074;361;3316.0;
5351;-14355;1074;693;6403.0;
5351;-15333;0;460;4242.0;
4225;-15660;716;497;4582.0;
4506;-14681;1433;407;3741.0;
5633;-13376;1791;622;5744.0;
6760;-12071;1074;649;6000.0;
6760;-13050;0;460;4242.0;
5351;-14681;358;772;7141.0;
5633;-13702;1433;473;4358.0;
5351;-12071;2866;701;6480.0;
6196;-11418;2149;448;4123.0;
7323;-11418;0;780;7211.0;
6760;-12723;0;485;4472.0;
5633;-13376;1791;725;6708.0;
5915;-11745;2149;563;5196.0;
5351;-10766;3224;509;4690.0;
5915;-8482;3582;794;7348.0;
7041;-7177;1791;816;7549.0;
7886;-7177;0;631;5830.0;
7886;-8482;0;434;4000.0;
6760;-10113;1433;816;7549.0;
5633;-11092;2866;693;6403.0;
5633;-12397;2508;448;4123.0;
6196;-13376;716;667;6164.0;
7323;-11418;0;809;7483.0;
7605;-10440;0;344;3162.0;
7041;-9135;1433;649;6000.0;
7323;-7177;1074;667;6164.0;
7886;-5872;0;583;5385.0;
7323;-3915;1433;809;7483.0;
6196;-3588;3582;787;7280.0;
5633;-1305;3582;787;7280.0;
4225;-652;4299;622;5744.0;
2816;-1957;4299;693;6403.0;
2816;-2936;4657;344;3162.0;
2535;-4893;5374;693;6403.0;
3661;-5872;5732;552;5099.0;
3661;-4893;5374;344;3162.0;
3380;-2936;5016;667;6164.0;
1971;-1631;4657;701;6480.0;
281;-2610;6091;844;7810.0;
-845;-652;6807;809;7483.0;
-1971;0;5016;725;6708.0;
-3098;1305;4657;622;5744.0;
-2253;3588;4657;823;7615.0;
-4225;4567;3941;851;7874.0;
-3661;6525;4299;693;6403.0;
-3661;8156;4299;542;5000.0;
-3943;9787;3582;593;5477.0;
-5070;10113;1791;701;6480.0;
-6478;9135;0;830;7681.0;
-6760;8156;0;344;3162.0;
-7041;7177;0;344;3162.0;
-6478;5546;1433;725;6708.0;
-5351;6851;2508;693;6403.0;
-5070;8808;2149;667;6164.0;
-5915;9135;1074;473;4358.0;
-7041;8156;0;631;5830.0;
-6478;6851;716;531;4898.0;
-7323;6525;0;407;3741.0;
-7605;4893;0;552;5099.0;
-8168;2610;0;787;7280.0;
-7605;2283;1433;497;4582.0;
-7605;0;2508;823;7615.0;
-6760;0;3582;460;4242.0;
-5915;1305;3941;552;5099.0;
-6478;2936;2866;667;6164.0;
-7605;2936;1074;693;6403.0;
-8168;2283;0;448;4123.0;
-8168;1305;1074;460;4242.0;
-7041;1957;2508;649;6000.0;
-6196;2936;3582;563;5196.0;
-5351;4567;3582;631;5830.0;
-4225;3915;4299;531;4898.0;
-3943;2936;4657;361;3316.0;
-2816;1305;5016;701;6480.0;
-3661;0;4657;552;5099.0;
-2816;-978;4657;460;4242.0;
-2253;0;5016;407;3741.0;
-1126;0;6449;612;5656.0;
281;326;8240;772;7141.0;
1126;326;7165;460;4242.0;
1971;-652;5016;794;7348.0;
3661;0;4299;717;6633.0;
3380;-1305;4299;448;4123.0;
2816;-3588;4657;794;7348.0;
3380;-4893;5374;531;4898.0;
4788;-4241;5016;593;5477.0;
3943;-3262;5374;473;4358.0;
1971;-3915;5016;794;7348.0;
1408;-1631;4657;794;7348.0;
845;-652;6807;757;7000.0;
-563;-1305;6449;593;5477.0;
-845;-2936;5374;640;5916.0;
-2816;-2610;4657;794;7348.0;
-3661;-978;4299;640;5916.0;
-2816;1305;5016;851;7874.0;
-3098;3262;4299;693;6403.0;
-1408;4241;5732;844;7810.0;
-281;5872;6807;765;7071.0;
563;7177;7524;583;5385.0;
1126;6198;6807;448;4123.0;
281;4567;6807;631;5830.0;
-845;3915;6091;531;4898.0;
-2253;2283;5016;830;7681.0;
-2816;2936;4657;327;3000.0;
-2253;4893;4657;684;6324.0;
-845;4241;5732;667;6164.0;
-281;3915;6449;327;3000.0;
1126;3588;7524;640;5916.0;
2535;3262;6807;593;5477.0;
2816;2936;4657;667;6164.0;
2535;2283;5374;327;3000.0;
1690;1631;7524;757;7000.0;
281;1957;9315;772;7141.0;
0;978;8957;361;3316.0;
-1126;978;7524;612;5656.0;
-2253;978;5374;780;7211.0;
-3098;978;4657;392;3605.0;
-4788;2283;4299;787;7280.0;
-5351;3915;3582;622;5744.0;
-4225;5546;3941;701;6480.0;
-3380;7503;4657;757;7000.0;
-3098;8482;4657;344;3162.0;
-1690;9787;5732;765;7071.0;
-1408;10766;5374;361;3316.0;
-1408;12397;5016;552;5099.0;
0;14355;5374;851;7874.0;
845;15660;3941;693;6403.0;
-281;15660;3582;448;4123.0;
-1126;14028;5016;765;7071.0;
-2253;13702;3941;552;5099.0;
-2253;15007;2508;612;5656.0;
-1690;15007;0;787;7280.0;
-2535;14681;0;344;3162.0;
-2816;14681;1433;448;4123.0;
-2253;15007;2508;407;3741.0;
-1408;15333;3582;473;4358.0;
-563;15660;3582;344;3162.0;
1690;15660;3582;864;8000.0;
2535;15660;2149;542;5000.0;
1126;15660;0;844;7810.0;
0;15660;0;434;4000.0;
-1971;15007;0;787;7280.0;
-3380;14355;1433;725;6708.0;
-4506;13050;0;749;6928.0;
-4788;12397;716;327;3000.0;
-4788;10440;2149;780;7211.0;
-3943;11418;2508;473;4358.0;
-2816;10766;4299;725;6708.0;
-1690;12397;4657;701;6480.0;
-281;14028;5374;794;7348.0;
-1126;15333;3582;765;7071.0;
0;15660;3582;448;4123.0;
1971;15660;2508;823;7615.0;
3098;15333;1433;552;5099.0;
3661;14681;0;531;4898.0;
4225;14355;716;327;3000.0;
5633;12723;0;794;7348.0;
5351;12071;2149;693;6403.0;
5915;11418;1433;377;3464.0;
7041;9787;0;816;7549.0;
6478;10113;716;327;3000.0;
5351;11418;2149;749;6928.0;
4506;10113;3582;693;6403.0;
4788;7830;3941;772;7141.0;
3098;8156;5374;787;7280.0;
2253;7830;6091;407;3741.0;
1126;9461;6807;725;6708.0;
-281;8808;6807;583;5385.0;
-563;7177;7165;563;5196.0;
563;6525;7165;485;4472.0;
0;4241;7524;794;7348.0;
1690;3915;6091;787;7280.0;
1408;3262;6807;327;3000.0;
1408;1631;7882;631;5830.0;
1690;978;6807;407;3741.0;
1690;-326;5374;612;5656.0;
3380;-978;4299;757;7000.0;
5351;-1957;3941;830;7681.0;
5915;-4241;3941;787;7280.0;
6478;-3262;2866;509;4690.0;
6760;-978;2866;765;7071.0;
7323;1305;2508;794;7348.0;
6196;3262;3582;844;7810.0;
6478;2283;3224;361;3316.0;
7605;1957;2149;552;5099.0;
8168;2936;0;757;7000.0;
7886;4567;0;552;5099.0;
7605;6198;358;563;5196.0;
6196;6525;2508;851;7874.0;
5633;4241;3582;851;7874.0;
4225;2610;4657;830;7681.0;
2535;1957;5374;717;6633.0;
2535;2936;7165;631;5830.0;
1126;3588;7882;622;5744.0;
0;4567;6449;693;6403.0;
0;5872;6807;448;4123.0;
-1126;7830;6449;787;7280.0;
563;8482;6807;693;6403.0;
845;6851;7165;563;5196.0;
-281;4893;6449;809;7483.0;
-1971;3588;6449;780;7211.0;
-1690;1631;5732;693;6403.0;
-1126;978;7524;622;5744.0;
281;326;8240;622;5744.0;
1690;1631;7165;765;7071.0;
1408;1631;8599;448;4123.0;
281;2936;9674;693;6403.0;
845;3588;8599;448;4123.0;
1971;2936;8240;497;4582.0;
2535;2610;6091;693;6403.0;
2535;2936;5016;344;3162.0;
2535;4893;5016;649;6000.0;
2253;6198;6091;552;5099.0;
3098;6525;5374;407;3741.0;
3380;8156;5016;563;5196.0;
3380;9787;5016;542;5000.0;
2253;10113;5732;497;4582.0;
1126;11418;5732;612;5656.0;
-563;12397;5374;733;6782.0;
281;13702;5732;552;5099.0;
563;14681;5016;407;3741.0;
1690;14681;5016;434;4000.0;
1408;13702;5732;407;3741.0;
845;12071;5732;583;5385.0;
563;11092;6091;361;3316.0;
-845;10440;6091;583;5385.0;
-281;9787;6807;377;3464.0;
1126;8482;6449;701;6480.0;
281;8156;6807;361;3316.0;
-281;5872;6807;787;7280.0;
-1126;5546;6091;407;3741.0;
-1690;3915;6807;622;5744.0;
-281;3915;7882;631;5830.0;
1126;5546;6807;830;7681.0;
1971;7503;6449;733;6782.0;
2535;6198;5732;531;4898.0;
2816;4893;5016;497;4582.0;
2535;2610;6091;830;7681.0;
1971;3915;6807;531;4898.0;
1126;3588;7524;407;3741.0;
0;4241;7165;497;4582.0;
-1126;2936;8240;693;6403.0;
-1126;978;7524;684;6324.0;
845;0;7165;830;7681.0;
1408;-978;5374;667;6164.0;
845;-2936;5374;684;6324.0;
1408;-3915;5016;407;3741.0;
1690;-4567;5732;327;3000.0;
563;-5546;6449;583;5385.0;
-281;-4567;6091;473;4358.0;
563;-3262;5374;583;5385.0;
845;-1957;5732;460;4242.0;
1408;-978;5374;407;3741.0;
1690;978;6091;693;6403.0;
2535;1957;5374;509;4690.0;
2816;2936;4657;407;3741.0;
